0.786911 26.1927 -0.956213
3.0365 -39.7513 0.835146
39.4127 -6.17819 0.150389
5.76794 -6.70422 -0.797744
31.7382 23.8263 -0.71364
26.3696 -28.4585 -0.134196
15.8733 11.0405 -0.383459
23.0661 -11.0921 0.212496
10.3535 -22.9575 0.641318
13.1054 37.6476 -0.843442
0.054263 9.58758 0.236821
32.0416 8.00349 0.709775
16.2831 24.1754 -0.978698
34.2564 -18.0627 -0.572092
0.341131 39.054 -0.346788
14.7265 -35.3981 0.685523
16.3894 -0.836668 -0.421526
0.033938 -27.6796 0.201515
0.987165 -16.5134 -0.612418
23.3226 32.3571 -0.151501
28.7581 -2.0641 0.630493
7.05582 17.4523 -0.29467
25.2056 15.7966 -0.296608
20.0038 -20.6641 -0.922284
13.1107 -13.4344 0.016294
7.55785 3.25713 -0.13527
38.9338 2.63958 0.658364
35.2889 15.9871 -0.358303
8.87307 30.1586 -0.679318
22.7757 6.14969 0.843672
31.3416 -10.0164 0.304268
7.60206 -30.3145 -0.281174
18.6006 -28.4271 0.910501
24.313 23.2135 0.290826
0.113891 -2.10098 0.590499
8.72854 10.3575 -0.852551
26.7377 -17.0819 -0.986532
16.356 31.1186 0.324398
0.446141 19.2287 -0.038754
13.8613 17.8166 0.01676
22.1571 -4.03125 0.650155
6.60908 37.1235 0.847377
8.77797 23.7542 0.980223
12.8264 -6.86572 0.016283
0.064728 -9.24324 0.521044
37.9763 9.42025 -0.930177
7.27833 -16.27 -0.279018
13.5151 5.16823 -0.781271
3.00917 -22.212 0.96356
2.24606 -33.2858 -0.37624
8.37087 -36.2676 -0.913415
22.4052 -32.9611 -0.555032
1.34509 3.5904 -0.788136
19.6632 19.2601 0.041407
1.41557 33.1979 0.173207
35.0156 -1.83219 0.640067
27.7635 3.5389 -0.350745
9.36117 -2.34765 -0.185421
30.6303 -24.7262 0.241403
15.006 -18.6917 0.967052
36.8923 -13.092 0.034438
25.2142 -22.6541 -0.508694
19.3491 -15.1575 0.809671
30.136 18.2845 -0.008974
17.936 -9.05823 -0.044725
13.1745 -27.659 0.995459
26.4404 10.4675 -0.394194
21.2291 11.6784 -0.211427
27.0442 27.7955 0.0721
3.19196 13.8298 -0.112156
21.6989 1.07715 0.675114
8.61008 -11.3591 -0.514902
33.2142 2.64966 -0.107326
26.8943 -8.21769 -0.757062
18.3248 4.52727 -0.399595
4.41709 -0.375457 -0.780598
12.5532 27.1508 0.010527
3.72028 -12.3319 0.297388
30.8782 13.5728 0.432628
6.32432 -25.7061 -0.214661
4.66466 21.5439 -0.873577
15.888 -23.8224 0.356684
30.666 -15.2214 0.688054
17.9479 14.9595 0.998876
4.9986 7.08159 -0.130244
5.60048 27.0443 -0.533502
20.9737 28.6332 -0.922478
33.6611 -6.0212 0.385868
10.6252 14.2272 0.017452
10.1978 34.7114 0.514599
17.9527 -4.65627 0.316914
26.903 -13.2227 0.632392
16.2833 -31.9048 -0.887434
21.4124 -26.1035 -0.992309
12.7865 1.11024 -0.139653
39.1589 -1.0906 -0.995202
7.06127 -20.9562 -0.690112
12.3512 -32.1338 0.842969
12.3195 21.9441 0.305372
20.2071 23.3002 -0.97882
33.947 20.7669 0.614949
9.62743 6.62194 0.330203
30.6753 -19.4467 0.465793
22.8587 -18.2191 0.22563
12.4532 31.4306 0.590949
19.057 33.886 0.928823
2.66006 -5.04329 0.947935
34.6498 11.2327 -0.018822
35.0079 -9.63461 -0.923659
5.52195 32.0799 -0.668847
26.8681 20.1108 0.869434
3.78396 -29.969 0.777816
12.5659 9.42303 0.53993
4.05932 39.614 -0.856145
13.3768 -3.12316 0.119513
7.05035 13.3868 0.922545
21.5581 -7.61964 -0.383498
11.3349 -16.6385 0.911095
29.9961 -6.51026 0.985544
36.105 5.07441 0.786654
10.0066 -27.2632 -0.933533
12.0346 -37.9441 0.845667
0.331151 29.6995 0.6226
19.2538 -34.8565 -0.505535
16.5567 -12.6785 0.906147
9.47035 -7.7692 0.91275
6.08777 -3.33764 0.866977
12.0804 -19.9708 -0.647308
21.6413 15.8272 -0.18801
25.554 -0.850008 -0.290507
27.7586 23.7693 -0.300129
4.1876 -36.9006 -0.91742
16.3688 27.5785 -0.090556
3.45454 17.6061 -0.830766
28.3462 7.53407 -0.200023
0.331248 15.6529 -0.969651
3.7782 10.3097 -0.650125
14.4974 -9.87878 0.704184
38.3169 -9.42608 0.625062
22.1792 -29.3334 -0.020108
18.7417 7.89417 -0.995604
0.354178 -12.5263 -0.478168
4.10632 -19.2229 -0.649891
23.807 26.7377 0.029088
25.3201 -5.21648 -0.986523
0.007282 -21.4617 -0.437588
23.863 -15.1891 -0.901925
7.39854 -38.9252 0.940075
39.456 6.45842 -0.299009
37.9458 12.5261 0.316622
30.395 0.898507 -0.396727
9.20335 26.8372 -0.173364
0.95984 -37.6282 -0.857387
28.3575 -22.1901 0.298248
34.0677 -14.7095 -0.30387
8.76972 20.2388 -0.350992
9.12486 -19.0366 0.997867
4.20373 2.64387 0.466569
16.2583 6.71179 0.814769
3.30627 -26.7564 0.328106
2.48457 36.9115 0.796358
9.7586 -33.2167 -0.760132
2.13264 22.9446 0.570144
1.64102 6.78033 0.089949
13.4606 12.7087 0.962605
3.9447 29.5082 0.684899
31.3936 10.7147 -0.850567
14.6868 33.7806 -0.102796
3.05183 -8.26993 0.45672
32.0724 -2.73028 0.296873
24.9741 -25.6973 -0.055379
3.82921 -15.3158 -0.617103
20.2645 -23.493 0.182879
18.2098 -18.3483 -0.081084
10.0733 17.3065 0.05187
5.56367 -32.4673 0.293591
6.72706 0.515954 0.937741
10.155 -14.1778 -0.359328
15.537 15.521 -0.970719
24.8465 3.50748 0.371415
1.13055 -24.3926 0.104179
17.3041 20.957 0.798766
18.3931 1.63871 0.416782
1.20162 -19.0292 0.986099
15.9101 -6.72772 0.997808
1.95525 0.484416 0.649837
27.1746 13.6997 0.419724
6.40624 -13.513 -0.929801
22.715 18.5524 -0.638566
16.7904 -26.4398 -0.698117
13.5878 -25.3823 -0.837516
20.3936 -12.1099 -0.492569
19.6009 31.0036 0.679497
17.0421 17.9456 0.128534
34.9496 7.6968 0.248439
11.1405 4.0763 0.50737
15.9137 2.88521 -0.452989
6.16791 10.5152 0.992728
23.1105 9.47524 -0.001816
11.2813 -10.6567 0.381072
33.9524 -20.6717 0.657239
23.7187 12.969 0.524626
29.8685 -12.9796 -0.968127
4.51762 24.5793 0.552616
37.0609 -4.69366 0.939249
10.6538 -4.9806 -0.179391
10.0582 0.357276 0.473523
17.0948 -20.9032 -0.66786
16.806 -15.3001 -0.446891
22.4974 -21.0193 0.508228
33.8693 -11.6588 0.662483
5.88742 -10.6462 0.906405
5.83287 34.4543 0.768636
0.897929 12.343 -0.605866
22.4478 -1.77568 -0.928727
8.40275 32.6217 0.748244
0.466566 -6.65794 -0.372235
22.4173 4.04747 -0.904052
36.6421 1.70327 -0.547762
18.5905 11.0168 -0.759077
12.1552 -35.1791 -0.221607
32.44 17.1471 0.920755
31.2206 5.60138 -0.277
9.06169 -25.3313 0.798252
5.91365 -35.5687 0.679912
15.2365 -30.162 0.885108
10.9056 24.4983 -0.491088
25.2886 -19.992 -0.120053
36.01 -7.2197 -0.316032
26.5686 -10.4465 0.682069
24.0413 -8.50194 -0.82508
11.5989 -30.2663 -0.909621
10.6553 37.6151 0.190888
2.79585 20.2427 0.678211
24.3691 20.6004 -0.304704
20.4465 3.57071 0.835821
3.24343 -2.50415 0.154903
19.1232 28.1897 0.855791
21.148 25.5256 -0.009291
28.5825 21.3365 -0.69263
0.032462 21.8453 -0.484675
12.9027 -22.7824 0.993652
6.8219 21.4551 0.809848
20.5989 -31.14 0.906779
30.7911 -4.85012 -0.808441
29.4651 -17.7034 -0.960375
21.3764 -14.5781 -0.635392
4.80701 15.6567 0.622353
11.7754 19.2612 -0.185348
28.8993 15.5707 0.366638
14.4117 -16.5005 -0.181153
0.561178 -31.9055 0.931137
8.38846 -6.22225 -0.784081
5.80965 -22.7006 0.654168
0.141217 35.9816 0.650881
9.63752 -38.4089 -0.509824
34.648 18.2777 0.449133
2.36254 16.1504 0.913799
7.14166 5.71986 -0.359461
7.19556 8.24052 0.196936
33.7645 14.5269 0.978091
12.6052 35.3102 0.75178
27.1261 -24.4457 -0.143903
9.9903 9.07242 0.862637
20.3673 6.17851 0.275037
13.555 7.20156 0.993612
3.38454 5.18228 -0.627334
7.6786 38.6602 -0.76473
6.99958 -28.0141 0.376977
22.6125 -24.0203 -0.482249
0.050971 5.08161 0.880272
16.5815 -34.4264 -0.587595
25.3245 18.4144 -0.860547
18.4222 23.5551 0.679201
3.69605 35.1296 -0.356056
4.09801 -24.4324 0.826585
14.5284 20.1412 -0.275434
15.8194 -4.40212 -0.828522
18.5536 -2.30693 0.514693
1.96586 -28.6842 -0.836769
1.18268 -4.35444 -0.829013
11.6471 12.0337 -0.472138
2.91383 27.102 -0.286062
24.3614 6.85975 -0.814619
6.59517 14.8152 -0.953577
12.6341 15.8161 0.509518
29.4605 11.6501 0.236116
14.4978 9.14695 -0.891244
18.4646 -6.78299 -0.650466
26.2486 25.6862 0.852823
25.6548 8.49477 0.690257
7.75711 -9.15663 -0.84054
27.3888 -3.97302 0.27622
28.8512 -9.80661 0.566314
9.31805 12.4641 0.919549
0.311003 -14.7971 0.87405
0.285662 -34.4958 0.121877
6.58652 12.0045 -0.924647
6.42545 -1.60824 -0.685403
19.885 -26.0369 0.789692
24.339 -12.6493 -0.969638
35.8696 13.5419 0.842661
20.8593 8.93868 -0.212348
10.0287 2.67014 -0.967889
2.84571 -17.2306 0.576484
17.8002 -31.8012 0.864541
20.4581 -9.56838 -0.991353
1.56781 -10.9847 0.795941
20.8013 33.7535 -0.589717
13.765 -0.877971 0.505689
7.975 -24.0589 -0.786501
8.11417 15.6235 0.599293
26.414 5.14927 0.687401
5.49048 3.94657 -0.910538
5.3783 -17.2374 0.549884
24.5966 -16.9118 0.925418
23.1814 -27.0917 0.185536
10.2979 -36.3098 0.469574
20.4227 -16.9629 -0.080773
17.7289 9.44094 0.641455
22.7915 28.791 0.430349
18.0387 26.0407 -0.086736
7.85407 -14.0521 0.729319
28.1551 0.577026 -0.413898
8.50227 -4.16103 0.837969
15.3724 25.6966 0.636309
19.5676 16.3214 -0.892816
13.6986 11.2943 -0.9958
8.12935 -34.8648 0.816376
37.0451 -1.80031 -0.817387
31.9284 -13.8895 -0.590311
30.0772 3.8777 0.570451
32.8808 -0.664357 0.09478
2.61186 8.57875 0.973079
0.655809 2.37082 0.930532
28.7487 -12.0209 0.844289
15.4393 -28.0374 0.311764
2.29158 39.7367 0.457845
5.19663 -13.9137 0.868451
23.6066 -0.518002 0.685689
9.85145 -16.3833 -0.67871
19.7388 -19.514 0.938712
19.4031 -10.8454 0.975889
4.77284 -21.3786 -0.727718
29.4398 -26.3462 -0.576367
8.04642 -32.4889 0.355476
6.7475 24.4805 0.751808
25.0543 -10.5863 -0.846332
8.29837 -22.3418 0.850441
12.4447 7.02469 -0.967934
7.42151 30.5053 0.869726
18.249 -12.2145 -0.619212
24.1003 -30.0482 0.625892
19.8476 13.3219 -0.210905
13.1098 3.23239 0.641413
15.0039 -12.219 -0.495144
26.0844 -6.14907 0.781846
5.5772 18.9648 -0.61864
9.93075 -21.3118 -0.655018
33.8321 9.27712 -0.65614
8.67605 13.9646 -0.806494
9.23764 23.0835 -0.987257
36.7198 6.67436 -0.474178
6.06309 -8.53098 0.799642
28.9384 5.24005 -0.837775
33.2709 -16.4204 0.66205
19.9654 21.3547 0.04557
7.64578 35.5625 -0.13453
4.84501 5.23594 0.897482
21.8823 13.8669 -0.935851
37.623 -5.45505 -0.945919
25.1168 -3.89637 0.641326
15.9825 -7.98024 -0.691674
2.12469 -20.9281 -0.448743
17.1292 14.1567 -0.813599
21.741 20.3835 -0.978052
1.77732 -30.9232 -0.471834
11.0377 -28.849 0.532659
18.2074 30.1938 -0.659981
32.0212 21.1173 -0.10238
0.084704 23.7636 0.329205
38.2202 4.99142 0.50335
4.4397 -5.14343 -0.457881
11.0061 -12.2583 -0.911579
35.2104 -5.24145 -0.747204
29.3989 -15.6339 -0.941203
7.0625 -4.24622 -0.707027
34.1138 5.52604 0.500482
8.72433 -0.423858 -0.888987
4.99263 -9.61073 -0.632415
15.3728 6.03797 -0.957338
13.149 14.2543 -0.728543
11.812 5.99264 0.821089
17.7473 -24.2028 -0.425881
15.1941 29.6797 -0.558775
2.45842 1.81202 -0.822508
20.7051 23.6453 0.973667
30.9822 -1.30717 -0.677369
21.766 -9.66651 0.875925
20.148 -3.82488 0.927171
1.67657 10.7642 0.529157
24.2072 30.5578 0.11981
33.488 17.109 -0.8081
31.7083 -6.82644 -0.036788
20.6575 -2.70362 -0.961213
21.1824 18.1124 0.683053
21.5573 -0.901005 0.993248
9.2652 4.655 0.934485
23.8349 -3.79485 -0.901425
32.806 19.0738 0.36931
12.6723 -5.06566 0.892065
11.0549 -25.2553 0.971182
14.8138 -14.4668 -0.169228
5.21509 -0.910024 0.971057
33.6182 13.1091 -0.420072
5.69671 -23.8314 -0.987204
15.2889 -3.60413 0.922123
17.3564 -10.7407 0.846645
14.7485 1.09695 -0.455329
35.4861 -0.504527 -0.761124
15.2144 -21.1091 -0.073695
2.27816 -1.10062 -0.854151
28.2377 18.809 0.286556
6.57949 -11.4868 -0.741364
8.0234 -18.4794 -0.542013
16.6852 0.643597 0.849337
7.56766 1.3715 -0.709513
0.898143 8.26475 -0.97255
6.49277 -19.4318 0.415622
5.76126 -29.7029 0.020164
20.1131 -6.12218 0.184704
38.4266 -3.34646 0.536771
36.3613 -11.0481 -0.991814
3.73328 19.5949 -0.9108
13.9261 -23.343 -0.574035
1.68372 24.8844 0.298973
25.9435 22.1586 0.488278
10.2441 21.4202 0.133988
3.38359 -35.8645 0.525987
22.68 22.2689 0.781682
4.30446 26.5356 0.948416
4.91382 17.593 0.723896
37.2964 9.57274 0.881718
24.2729 11.1924 -0.024796
10.3694 -8.14496 -0.76479
10.6421 -33.4908 0.944038
6.23778 -37.6632 0.036077
30.0241 24.5499 -0.174536
1.61223 -14.234 -0.443539
11.3318 15.8264 -0.921907
36.2694 4.03512 -0.835178
15.4832 9.1669 0.770803
32.9786 7.42402 -0.876583
11.7448 -8.30358 0.71576
16.1161 22.3226 -0.463744
11.7389 -0.505281 -0.263889
25.8685 -30.2468 -0.653667
9.91874 36.2255 -0.921715
14.4853 -6.80755 -0.993038
33.013 4.45365 -0.737806
3.16382 30.2376 -0.907243
17.8241 19.557 -0.554436
10.5177 -3.39906 0.923492
2.83006 -11.1178 -0.882879
33.6331 -8.30532 -0.94814
0.614856 31.4797 -0.078123
22.4679 -15.954 0.152809
27.5409 -18.1216 0.397472
18.1167 12.3352 0.535251
11.6595 -33.3737 -0.764784
15.6378 12.928 -0.407675
27.0361 6.23924 -0.738227
5.24121 13.4827 0.353303
6.4074 -6.09247 0.882396
25.5094 -15.2513 0.036375
30.9907 9.57777 0.803367
26.2135 20.7783 -0.781571
8.67199 18.4778 0.556236
11.5404 28.7315 0.23739
26.0384 12.1971 0.580785
33.3184 -3.94824 -0.435001
19.4171 -8.49841 0.982785
2.89229 4.17527 0.887092
3.61853 -30.6859 -0.952524
5.57736 1.06102 -0.446185
16.6002 4.93409 0.338178
11.0943 -23.5105 -0.985286
28.7564 22.826 0.965434
18.2737 -27.5711 -0.780445
5.2997 -27.2739 0.184943
0.715776 28.1245 -0.282483
10.5848 10.3418 -0.838627
39.537 1.62716 -0.775626
28.7987 1.95003 0.654777
0.154342 -4.338 0.714714
32.4135 15.2338 -0.074989
11.776 -27.1191 -0.403493
2.88519 -7.14242 -0.998419
26.6935 -26.3043 -0.34655
25.4201 26.7713 -0.864377
5.57716 -15.9336 -0.901381
23.139 2.82344 0.355965
4.45822 32.9012 0.577512
1.25755 -9.78159 -0.755725
28.636 -23.8189 -0.961121
14.69 26.8619 -0.594811
3.19384 8.57192 -0.753284
15.356 -25.5001 0.814557
28.0207 -27.4801 -0.742041
9.46551 -12.1473 0.870966
24.0808 -23.2135 0.777654
25.7338 -8.8677 0.455939
14.5042 -2.12296 -0.863691
9.70756 12.4661 -0.83678
23.3189 15.6989 -0.824166
23.7378 7.91501 0.635673
13.9833 -7.85274 0.958253
31.7019 3.14886 0.716996
6.08062 34.2655 -0.988085
27.9453 25.4683 0.211448
35.7815 -15.0719 0.022403
3.37864 -37.6424 0.613776
22.2401 -25.096 0.88596
19.446 -21.4547 0.56744
26.8577 -21.8359 -0.583242
12.8837 -8.69249 -0.588561
24.5868 -28.0733 0.629454
28.9339 -19.1672 0.080812
11.1105 7.70653 0.758994
33.3792 -19.0235 0.95038
34.7051 2.06511 0.645416
21.8382 -4.64255 -0.978078
7.43932 32.3045 -0.699976
9.30529 -29.947 -0.574338
2.19154 -23.168 -0.588591
11.7647 -2.64541 -0.40494
4.69827 19.8047 0.651277
7.90079 -25.9166 -0.961154
30.1593 2.96935 -0.930674
23.2293 -8.7087 0.728365
10.6637 -17.905 -0.366316
4.90288 8.95871 -0.783096
15.2516 32.3384 -0.913674
5.06333 -3.46939 -0.542055
1.48362 -8.07663 -0.31006
28.5851 -16.6106 0.249875
15.3508 18.1071 -0.83789
24.4673 19.1259 0.612765
16.5225 -13.669 -0.978557
25.925 29.0658 -0.319543
19.3712 2.18018 -0.907307
16.4723 8.75305 -0.590053
31.8811 -11.6142 -0.091234
18.8323 5.74673 0.950657
18.447 -16.1185 -0.307691
38.315 7.74641 -0.144131
3.40038 12.506 0.976541
2.65212 -5.44086 -0.822213
24.5659 13.7391 -0.766525
35.1869 -3.64971 -0.082218
8.70395 2.35436 0.783696
35.6848 -17.8031 0.351914
16.6494 -18.8745 0.418906
7.28801 -7.42844 -0.251025
21.7931 19.7173 0.696902
23.575 -7.1209 0.08156
3.5403 -0.270261 0.68806
17.361 31.763 -0.900112
14.0168 22.148 0.291312
30.5876 7.82817 -0.171723
17.2662 -22.5656 -0.309171
12.5509 -5.39219 -0.801047
38.5611 -7.51448 0.781799
30.4902 -2.59701 0.918388
22.0155 26.9747 -0.211366
15.9327 16.6644 0.254712
37.7905 -10.978 0.175272
2.31859 -36.6114 -0.93069
1.62958 -2.84091 0.782092
21.8143 -31.388 -0.777355
27.9084 -6.87964 -0.539868
4.58678 -7.77056 -0.236106
19.8546 -13.4418 0.388597
20.7116 29.7155 0.338957
0.156589 7.29801 0.688619
24.9203 -11.8677 0.399125
2.8142 30.7457 0.65067
8.19298 -28.1097 -0.795122
21.3038 -19.4385 0.352586
30.2137 16.5835 0.57658
26.2557 14.2704 -0.85463
12.6045 36.9812 0.710482
4.21064 15.7673 -0.934924
13.1233 -33.3805 0.041268
19.1747 9.28942 -0.189899
32.7828 22.5923 0.052911
27.3209 11.2175 0.986708
8.38301 28.1493 0.436882
28.3365 26.9888 -0.594533
17.255 0.954496 -0.681582
22.5653 6.44225 -0.776357
14.5596 3.93967 -0.39995
0.136098 11.8252 0.768533
19.8181 -15.0351 -0.951242
2.29635 2.46692 0.748818
4.30477 -10.7302 0.437154
20.5777 16.6023 0.961163
0.036258 -2.91228 -0.843917
11.6131 17.6642 0.523513
0.180139 -20.5754 0.939433
14.0572 -10.8885 -0.700151
3.7696 12.5099 -0.903603
11.738 2.7596 -0.271874
28.5963 -25.1844 0.220654
10.8791 -1.80303 0.79778
26.8633 8.88343 -0.356567
8.25755 4.64401 -0.894306
0.511522 2.18445 -0.909443
6.80287 -35.8039 -0.822311
16.2207 -24.7345 -0.961548
30.5207 6.36743 0.985779
5.22348 22.6535 0.188296
18.0179 -35.3275 0.454336
32.81 -21.1043 -0.427915
4.99961 37.404 0.822901
12.97 19.2535 0.928369
1.91404 15.3609 -0.693326
36.2629 11.3466 -0.227949
2.73979 -18.836 0.328727
8.7379 8.35767 -0.30211
2.95443 33.0327 -0.32187
3.43952 -3.87611 -0.691121
29.1712 8.76041 -0.871793
23.3219 -28.5701 -0.883624
3.24266 -13.8809 0.291265
11.6433 -21.9544 0.400172
8.37117 -22.41 -0.765109
14.4957 7.54744 -0.652758
16.613 -28.4024 -0.737965
0.534961 33.9476 -0.953069
11.2155 -6.86449 -0.087423
12.3619 23.5253 -0.013725
36.5717 -0.701852 0.413239
21.1446 33.8679 0.979027
7.77245 -33.6641 -0.709329
7.05251 -1.11195 0.711125
16.8981 23.1479 0.989411
8.91963 33.9199 -0.051426
25.9119 -12.7277 -0.530028
7.63386 -37.1344 0.624693
1.84047 4.93654 -0.072508
13.3464 -14.8709 -0.671991
9.07164 -5.65284 0.967738
21.596 -21.7226 -0.61102
36.0555 16.7898 0.792864
32.1274 11.9906 -0.226885
17.6426 22.9151 -0.559772
17.7872 -10.3439 -0.97054
27.6909 -8.78733 0.948123
0.320744 13.8237 -0.546651
31.2711 19.8482 -0.698598
14.8036 -19.6085 -0.398533
19.3276 -4.66941 -0.479582
27.0895 18.7588 -0.808442
25.5966 23.3896 -0.621457
24.9487 -2.29838 -0.07777
2.6967 -6.73952 0.632216
24.3931 -10.0766 0.49493
13.013 31.0623 -0.837586
2.44086 25.7725 -0.989199
8.41574 0.828574 0.520944
12.8376 -16.1701 0.918986
1.25306 35.8226 -0.449517
17.0706 10.1616 -0.950737
12.4999 -28.7873 -0.039952
1.93818 18.9589 0.970156
15.9462 19.6931 0.23219
22.5732 -9.2988 -0.570024
2.05378 19.6387 -0.565542
28.582 20.5781 0.680806
6.69815 26.0472 0.700999
17.1561 -3.40699 0.827953
0.902797 15.2028 0.489238
11.0787 -32.0942 -0.081189
3.79828 -33.4282 -0.304293
2.79275 6.62847 -0.95083
10.4696 2.61877 0.622548
9.27155 -9.47659 -0.664791
1.61895 38.3398 0.315144
0.043604 5.22265 -0.66878
29.6264 16.298 -0.834144
16.5694 -5.35156 0.455852
30.0847 23.0686 -0.637002
18.2257 15.6745 -0.458091
4.56347 -12.6953 -0.952738
6.14361 4.06762 0.486597
34.5171 4.12322 -0.654466
11.2663 20.6376 -0.709223
3.18643 -9.45051 -0.51897
9.82441 4.32514 -0.45697
6.70074 -12.2012 0.61223
30.2906 -11.1346 0.299317
19.9416 4.533 -0.247004
21.3477 9.8545 0.91514
18.4646 -26.5899 0.646388
1.63103 13.0639 0.527809
15.292 -31.6763 0.671509
15.0111 30.7686 0.96097
32.447 -10.157 -0.740598
29.1834 1.66781 -0.904877
26.2374 7.5639 -0.777511
6.30858 -31.0509 0.45237
1.04561 -5.5741 0.518155
13.107 -0.602745 -0.907922
14.113 15.9637 0.215632
23.4482 -5.08319 -0.209143
11.0166 31.8292 0.34383
0.155518 -33.2408 -0.707338
38.0437 -1.07015 0.046798
23.9492 25.5604 -0.900083
14.8646 -5.32027 -0.111179
23.5689 -25.3596 -0.480119
0.305346 21.5368 0.963996
9.11526 -16.9534 0.503894
21.3115 10.3367 -0.888575
13.7926 -26.2887 0.983171
12.294 4.32204 -0.424069
14.8513 27.1694 0.867031
1.49264 -35.5256 -0.305963
8.02897 -13.0287 -0.353748
3.09209 21.8408 0.898708
16.6646 7.27306 -0.722777
8.19234 10.334 0.541911
12.1265 -3.34826 0.905728
34.635 2.0509 -0.844081
3.96034 -17.5449 -0.362574
4.05178 1.05885 -0.606088
17.8677 -0.788008 -0.241977
19.7112 25.2415 -0.272302
11.0722 10.489 0.559212
17.8498 -29.1094 -0.30953
6.51207 -21.0422 0.689722
21.6727 5.15409 0.854745
11.6422 -15.208 0.655822
3.47836 17.0896 0.561373
6.11979 6.96036 0.831034
19.5889 -24.8321 -0.018317
1.18429 16.7046 0.21247
4.28652 27.6837 -0.306738
20.057 32.5308 -0.959883
0.129279 3.81132 0.022053
1.49239 20.9092 0.349759
20.8256 31.8132 0.526949
9.64084 -13.6449 0.917483
5.66468 11.8949 0.847581
8.25285 -31.1733 0.987517
11.2381 23.1533 -0.992784
7.11525 11.8493 0.440659
14.5152 11.7592 0.137082
16.5934 -14.1494 0.905211
35.5234 0.615425 0.191818
8.99833 6.9941 -0.94588
11.2952 -16.456 -0.942549
9.37203 -25.947 -0.795527
4.11868 -31.9963 -0.284823
8.8001 -9.11953 0.677311
0.028351 37.3996 0.998025
7.66635 -2.92324 -0.871968
14.6678 6.3192 0.293264
17.9155 -13.5975 -0.27951
7.59652 9.44796 -0.685349
31.5643 -0.035901 0.025848
25.0906 10.2377 -0.902284
17.4252 28.5669 0.101007
25.9599 9.89692 0.940626
10.1427 27.9431 -0.291135
30.6455 -20.9004 0.509672
2.40328 0.353258 -0.727317
15.5159 32.9734 0.772779
2.10653 -12.9847 0.386079
7.3941 -2.73249 0.694523
4.41752 -23.1154 0.311223
6.08536 38.3424 0.26926
24.938 -7.71488 0.099015
29.5477 20.267 -0.585997
8.98487 1.38816 -0.984484
3.75082 -35.2447 -0.724928
9.90581 -3.6662 -0.403635
9.88735 30.9441 -0.02055
23.6996 0.799091 0.107283
2.02222 -30.2189 0.761537
19.1769 10.5565 0.495551
9.36327 -24.224 -0.443247
10.2805 -8.93809 0.690192
31.0229 1.14768 0.873528
22.7158 -28.3376 0.868831
12.5245 -11.0195 -0.245486
18.8367 -8.30727 -0.875156
23.0129 -19.6934 0.306764
5.98118 2.18398 0.353476
29.4685 13.3759 0.622035
8.09667 -7.18929 0.909654
2.83553 3.86116 -0.543569
36.4166 -8.09725 0.738423
11.9686 -30.7907 0.532814
4.03272 8.69703 0.861529
8.89636 -20.4296 -0.211904
23.9477 -16.5804 -0.584816
5.82155 5.42756 -0.82078
21.7374 -26.4327 0.901216
20.9723 1.60997 -0.432835
29.6315 -9.933 -0.622859
30.5517 -14.2622 -0.656176
1.85923 -1.34248 0.487254
18.8935 -7.19269 0.764622
9.67953 15.943 -0.048173
16.4259 -9.67068 0.754274
9.57958 22.6432 0.610246
35.5322 10.1577 0.263025
2.16663 -34.3409 0.566196
36.9631 -14.4414 0.483561
19.2724 -9.51836 -0.107687
24.0842 -17.9805 -0.441762
4.19712 -27.7067 -0.583574
32.0257 6.62135 0.994729
27.5293 22.5246 0.337484
0.176144 -10.7736 0.852058
3.89115 -3.63213 0.693819
18.4746 21.1753 0.049134
36.7274 -5.95338 0.410624
20.7663 -14.7377 0.621273
7.60313 -10.9442 0.372282
16.8397 3.63834 0.820083
4.05628 11.563 0.171054
11.3922 -5.92309 0.934076
22.7944 10.8383 -0.052634
26.8047 -11.8132 0.872473
18.7548 14.1592 -0.45894
37.1104 -3.4676 0.082
38.8445 -4.78635 -0.836737
8.56819 16.9402 0.496329
13.0889 -14.7598 0.695638
5.72173 -18.4058 -0.13223
16.8689 -28.6028 0.617763
20.3454 12.4978 0.796943
20.8326 -29.3915 0.331562
22.3353 25.4422 -0.729312
19.2742 22.5216 -0.256488
1.72524 -3.07773 -0.759198
6.73263 0.077631 -0.380131
7.98954 7.10099 0.195263
18.0767 -25.2714 0.447037
18.6588 3.19341 -0.204929
1.8552 -39.1843 0.398177
23.2624 -31.1126 0.358322
26.8978 -21.7582 0.793611
19.1805 14.3228 0.842837
4.43551 -21.2629 0.604444
12.1138 -13.2408 -0.914243
13.2569 -21.9952 -0.0792
1.56481 -12.9739 -0.994719
20.2911 6.99396 -0.830361
29.8592 -6.33195 -0.370645
14.8821 1.93416 0.625232
17.8591 12.7705 -0.741362
6.92452 -23.1765 -0.825874
1.57882 -17.5569 0.053821
13.8129 -4.23173 0.796806
23.0911 -1.78188 0.588384
9.31396 -33.0462 0.522624
13.021 19.8393 -0.307069
18.738 16.9975 -0.040635
22.8237 27.837 -0.898318
7.98396 -19.5669 0.465341
22.2355 17.2704 0.886879
32.4509 -15.1384 -0.744586
27.3423 -2.62976 0.498411
26.5866 14.7855 0.994273
12.2105 -9.70293 0.09887
22.7472 -30.4099 -0.93767
10.9815 5.25634 -0.150277
11.6726 28.1762 -0.997078
13.6108 -26.7339 -0.986861
6.31462 10.7145 -0.592946
7.37648 18.7087 0.896529
16.5559 -16.4795 0.177835
8.6074 -15.1463 0.453377
33.1009 10.3907 -0.399843
5.18611 -15.2395 0.582512
20.1301 -27.0929 -0.024
3.35457 5.85391 0.549245
3.69878 2.49394 -0.781638
24.2271 21.5955 0.60358
5.0179 0.904924 0.776192
14.9021 -17.7677 -0.015483
3.25699 -29.0227 -0.622596
26.8227 -17.0094 0.668931
8.48163 -38.1057 0.117813
23.6797 3.79253 -0.411472
7.32349 33.4098 0.565343
5.16399 21.0484 0.419092
31.9852 -19.6785 0.252962
5.0058 -28.6599 0.411213
7.70201 -17.4108 0.294965
3.63065 -1.45885 -0.911132
29.0645 3.01465 -0.152524
19.4498 -17.8322 0.239814
15.7155 0.212618 -0.918236
6.28293 13.3115 -0.473802
27.2573 -27.1286 0.540283
6.5243 -26.6761 0.678147
23.8991 -13.9632 -0.378783
15.7536 -11.5142 0.352581
18.7922 -21.1166 -0.602027
5.14993 10.0229 0.288131
14.0952 -29.475 0.875135
16.5106 -30.3379 0.538839
26.7718 2.92042 -0.986211
11.047 -35.8184 -0.5855
2.00351 -26.6422 0.092055
4.99035 2.71667 -0.997528
0.305747 -13.7405 0.0555
13.0642 -32.0187 -0.270418
16.5599 -5.49368 -0.960044
9.60438 -5.9484 -0.332877
27.1029 4.9175 -0.665906
15.1268 -8.71276 0.728599
4.2613 30.9735 -0.998746
7.68637 -1.1738 -0.450021
14.8622 -20.4048 0.989611
37.3822 1.64157 0.54703
20.3539 18.7034 -0.939898
3.67274 -38.9327 0.015374
3.98598 34.1731 0.508678
3.0105 -18.2411 -0.960128
33.3107 7.73196 0.477296
8.30393 -4.6812 -0.776071
7.52195 14.6098 -0.040761
31.213 -8.03875 0.100354
14.6818 -1.9424 0.428265
10.4416 19.6204 -0.832398
6.36353 -14.2741 0.380571
4.89502 -2.23819 -0.11695
12.7605 20.8578 0.89673
19.6039 -2.9938 -0.235583
6.85729 -38.6823 -0.509781
11.674 -18.6841 -0.663336
1.50246 23.1457 -0.559852
6.6041 -10.278 -0.146349
21.6005 -3.36945 -0.34905
3.55843 25.5725 0.480439
22.0049 -31.9873 0.362092
5.62755 16.8825 -0.099727
1.68541 5.93707 -0.898558
5.33582 -34.4508 0.357426
15.5484 8.00533 -0.050536
2.32019 12.4959 -0.410207
10.1424 27.2442 0.799237
23.4715 12.4323 -0.627655
14.8646 10.4299 -0.917686
17.0504 26.2809 0.71381
25.8356 -1.89578 0.774411
17.3608 -2.23169 0.021732
12.6058 10.6264 -0.820869
26.9092 29.192 0.508025
1.59489 -11.4772 -0.396393
25.6179 -21.8106 0.380251
16.1572 -21.7613 -0.889657
33.0386 -17.6855 0.749697
12.0166 2.55046 0.969125
32.0515 -1.28479 0.861644
8.10498 3.62252 0.972503
15.1581 -32.4519 -0.592108
20.4675 -11.61 0.688866
8.13948 36.6089 0.422653
1.18147 38.0709 -0.861689
10.0566 7.61638 -0.356945
25.307 21.6561 -0.556775
5.59725 -38.2678 0.966142
2.85055 -24.2474 0.61147
18.5548 0.381913 0.241147
17.2462 -26.9794 0.653068
2.14871 -9.3293 0.216105
29.0884 18.282 -0.740029
11.4483 13.5389 -0.667157
2.43875 -3.85555 0.554418
13.6142 -4.22579 -0.459674
8.50457 6.24304 0.973337
17.0666 20.5703 -0.63016
8.70279 24.2324 -0.190026
8.96424 20.8854 0.719748
6.41684 8.99667 -0.73987
1.7425 -31.441 0.913715
12.2469 26.2106 -0.774703
24.4787 -15.6604 0.639975
4.869 -20.216 -0.246726
10.0879 -1.68745 -0.97708
4.7153 -30.8174 0.794135
1.08806 -2.09064 -0.204939
14.9735 -0.618082 0.277061
0.242995 25.5108 -0.05163
9.57182 32.6609 0.293967
7.95831 11.3702 -0.354992
31.561 14.3776 -0.408085
34.3035 10.1111 0.501048
10.5816 -20.2507 -0.525516
1.37722 4.06705 0.697635
11.6022 36.3321 0.342864
2.81988 -27.864 0.02082
12.5028 8.85523 -0.569302
5.40969 -5.00939 0.313215
3.03453 9.71879 0.701628
9.89575 -12.8078 -0.826032
10.5227 -10.9293 -0.56347
21.0368 -18.2828 0.718705
11.6627 14.1697 0.695628
7.01093 31.234 -0.046766
16.7432 -1.05368 0.74772
14.8478 -13.3227 0.30929
17.6162 5.50804 0.925046
7.7116 -21.1246 0.984636
10.9893 9.04196 0.13229
13.7784 16.9073 -0.817929
1.38256 -28.3388 0.195343
30.8357 11.6067 -0.205977
16.0443 -20.1969 -0.03735
25.0502 16.3438 0.797257
19.5172 -16.3152 -0.886525
19.3232 20.3679 -0.375488
26.9083 -16.0021 -0.421239
14.2795 0.833091 0.649922
6.45088 -15.0876 -0.726158
15.334 4.8127 -0.881711
4.07599 -7.45762 0.833979
16.7037 -6.97633 0.096616
7.86577 -29.2335 0.23318
15.3356 -6.99435 -0.131209
11.9508 -25.1765 0.141192
20.6928 10.648 0.171468
4.66942 -37.966 -0.560626
20.3165 11.4035 -0.976194
12.0086 11.3287 0.457989
7.08444 -5.45795 -0.860398
22.7342 1.64205 0.356872
7.96661 -0.316825 0.865083
9.38682 3.06911 0.069814
14.3389 8.10137 0.743855
35.2204 -4.68546 0.559043
2.96653 15.7822 -0.248277
4.56336 -24.0812 -0.416102
3.08357 0.815385 0.997474
27.1749 24.7958 -0.596347
1.44797 9.16221 -0.361699
28.5559 22.9078 -0.620039
0.642407 -37.7073 0.314269
35.9074 -10.5819 0.034807
24.3444 -5.90116 -0.13891
16.2918 8.28841 0.995296
21.1106 17.2716 -0.190529
25.6343 -16.9759 -0.489815
39.3169 5.47951 0.688929
8.71918 -14.005 -0.12177
1.44562 21.792 -0.482373
4.5642 4.99521 -0.834834
0.995598 5.95075 0.692129
24.1034 14.1493 0.273569
21.5625 -10.0201 -0.795557
10.0625 -38.5895 0.607452
28.8652 24.7719 -0.437661
4.25525 20.5652 -0.294023
14.1884 3.8392 0.745343
33.8829 19.5231 0.062326
10.1051 -19.1478 0.304717
4.64148 -18.9888 0.403572
9.21548 -21.7166 0.225555
7.13016 -4.94115 0.273528
33.2693 -17.3741 -0.54887
30.5968 14.7417 0.393015
7.30189 -23.7732 0.163538
28.5446 -11.0022 0.246994
5.24615 23.699 0.912125
5.82501 15.4762 -0.318854
18.2888 -16.3936 0.846221
14.0865 26.2789 0.645565
14.1373 -23.8518 0.483378
2.57078 28.2436 -0.279986
3.70167 -6.85115 -0.180738
13.2043 2.05051 0.760574
8.93271 -1.84534 0.806469
0.207546 7.18565 -0.496377
20.2028 -2.63535 0.96102
15.9864 11.1097 0.79662
13.6469 6.71838 -0.607448
5.57744 -0.11458 -0.60971
17.343 -31.6366 -0.426359
35.1446 4.99666 -0.153903
26.3501 4.20022 -0.020646
36.2309 -5.82701 -0.868252
19.4871 28.8166 -0.078154
8.21764 -5.44062 0.125262
17.7787 18.5547 0.822409
10.0913 -24.4415 0.45975
25.2217 14.8233 -0.965431
21.9421 25.1633 0.780924
0.216049 34.7632 -0.166553
14.6843 -36.5405 0.407851
27.5847 -12.9016 -0.269488
4.99158 14.5408 -0.092367
1.9288 26.8932 0.318551
24.1123 -23.0492 -0.418327
6.42516 9.37613 0.876341
23.3879 -22.2697 0.701576
8.19633 5.41687 0.199637
15.1164 -4.93979 0.969254
6.57881 -21.9514 -0.304503
8.38696 19.1456 -0.518793
25.5998 20.1438 -0.019209
0.483855 -6.60645 0.792742
24.9705 12.5884 0.326694
17.9246 -11.7208 0.384116
26.9124 6.20047 0.418579
3.84263 -16.6422 0.688521
9.4758 9.88353 0.207607
12.802 30.3226 0.637479
8.0831 30.7426 -0.057977
13.0463 5.4354 0.248227
17.4103 2.08497 -0.00928
14.5377 -3.27998 -0.790875
3.1238 1.7472 0.123213
26.328 15.5132 -0.275985
17.6412 16.7143 0.19772
29.5565 -1.2627 0.873219
3.96237 -10.7224 -0.667405
25.6155 19.0847 0.727094
22.6201 -16.8999 -0.486176
5.79503 -1.77226 0.429896
11.0718 -21.7963 -0.586344
11.0135 35.9399 -0.711765
13.7367 -17.426 -0.288005
29.9241 -9.42485 0.725898
17.7419 -8.08594 0.53763
5.53135 7.94688 0.853936
16.0905 25.646 -0.257288
11.7501 20.7717 0.36072
9.46538 -17.98 0.131472
10.0902 30.1343 -0.806646
22.3855 8.63919 -0.302046
7.63198 25.4413 0.968477
3.65242 -20.2615 -0.809613
6.33185 23.9725 -0.185397
20.6967 -20.3976 0.218674
11.9534 -11.6089 0.549949
25.4851 4.51224 0.880202
20.135 -7.93141 0.29837
31.6424 22.0475 -0.644428
25.5448 -10.248 0.220302
3.21992 -16.2766 -0.537458
3.69579 -1.46839 0.305512
25.5948 -20.8343 -0.823679
8.63589 -30.4365 0.206886
24.0308 -26.3542 0.361209
12.1837 7.06646 0.876211
10.529 -15.0061 0.55239
17.6318 26.6757 -0.935677
2.47805 -10.3069 0.770093
29.0274 -7.03013 0.703802
35.4182 -16.9365 -0.325945
7.26714 22.4513 0.515003
5.68166 -12.9022 -0.31533
35.5721 -2.35582 -0.191481
12.1844 8.28224 0.347001
8.2789 12.0374 0.852691
18.8707 32.8681 0.487575
15.6937 1.37906 -0.994282
15.8013 1.41585 0.238565
32.5677 3.03938 -0.939384
2.92287 23.7418 0.613055
4.012 4.12612 0.959896
3.37417 -12.1907 -0.761666
12.534 14.788 0.044444
4.30426 13.9061 0.802215
10.0214 6.54265 -0.897499
28.9917 -13.5251 -0.537586
1.24256 -15.4534 -0.36686
27.7804 -7.82205 0.394654
9.8896 -7.22636 -0.350422
13.8205 -12.574 0.047036
1.91159 35.9773 0.589503
5.82431 -16.1166 0.323157
33.5008 -9.39576 -0.754848
30.5301 -2.29 -0.152705
28.938 12.3276 0.949758
22.3881 -5.28653 0.066242
20.6437 -4.81898 0.873245
10.767 18.0285 -0.431741
31.6553 1.06426 -0.101355
29.4239 7.76353 -0.069858
11.2937 3.95729 -0.734706
10.2659 -4.47672 0.98756
5.81667 18.5529 0.381967
0.000106 10.4563 0.92065
36.8031 -8.27342 -0.283466
9.29572 1.93477 -0.050501
0.704451 -3.36531 0.486317
2.38016 5.15296 0.880332
23.1745 28.8685 -0.722283
9.41912 -36.0899 -0.624466
33.7683 -13.6607 -0.154353
19.474 4.85317 0.982105
5.55467 11.6243 -0.906233
2.21209 8.10858 -0.928757
0.587721 20.2892 0.429117
10.4082 -2.69717 -0.274312
1.50139 -6.17941 -0.27712
28.4242 6.53484 -0.648727
6.16358 -4.06732 0.050361
6.21942 3.12724 -0.87398
6.51766 -8.56694 -0.198033
17.6213 -6.12177 -0.419291
6.59594 -2.52837 -0.028427
0.407245 -10.3203 -0.118022
6.76108 35.3014 0.455862
5.7617 -36.8691 0.618576
29.7562 -12.3678 0.602024
4.75877 24.5273 -0.511908
10.8453 -27.9336 -0.731926
2.3005 -37.6779 -0.695652
18.3368 10.0774 -0.262848
23.8401 28.5859 0.204093
8.28441 12.9463 -0.790418
7.02254 2.4182 0.578581
20.7863 -16.5855 0.875408
1.54927 1.28452 -0.536014
6.01057 -5.60722 -0.966398
1.11704 -15.5275 0.901553
6.92244 15.4607 0.275022
38.3047 -4.37343 0.199986
12.9898 32.2059 0.048897
13.6596 35.1997 0.516515
7.42889 15.509 -0.904678
25.7859 25.7679 -0.674555
1.85318 2.69959 -0.437396
1.76212 -19.3462 0.114402
4.25061 -13.7719 -0.088738
1.01107 24.7273 -0.533989
6.38832 -28.8805 -0.298076
5.015 1.95895 -0.077905
21.3443 5.28486 -0.167627
17.863 3.90334 0.353369
24.4698 4.52723 -0.390122
30.0089 -14.4319 0.361984
5.91699 -7.53148 -0.124292
10.2785 -37.5742 -0.280758
6.01582 7.09992 -0.480881
10.062 24.0537 -0.989086
24.6385 -20.4969 0.570785
20.3989 -26.2736 -0.665358
13.2966 -8.90712 0.377454
24.3269 -11.0225 0.994237
9.1982 -8.45803 -0.341144
17.0696 -32.5817 0.930478
35.587 -6.85977 0.599718
6.87526 -12.8073 -0.276754
1.84503 -4.70411 0.287536
13.3933 8.89915 0.115806
33.1765 21.2966 0.102703
21.167 19.3828 -0.821013
17.2845 -12.761 -0.094965
1.57048 1.68936 0.756546
17.1624 8.59794 0.328001
5.31071 -6.58927 0.154143
12.1216 -10.2859 0.98142
3.8969 3.39162 -0.219302
11.9655 -6.11803 -0.14489
18.3788 -9.12776 0.915048
9.5546 0.122141 -0.522796
15.0842 -22.1336 0.160111
17.755 13.6505 -0.12764
25.262 23.4537 0.689368
9.07827 -22.8971 0.40277
9.43724 25.8163 -0.03275
6.61828 -3.29269 -0.80312
8.28526 -7.73651 -0.090167
4.5792 16.5243 -0.29808
2.02918 30.3657 0.056308
1.11693 -8.22227 0.668254
24.7507 -11.5911 -0.743323
28.0659 -9.23735 0.072904
26.5649 -22.8334 -0.429475
12.6688 -22.862 -0.139649
18.3396 -31.8458 -0.179118
10.4797 -10.1113 0.777335
20.3027 21.0375 -0.892652
0.389109 8.25257 0.330314
20.0018 5.33664 -0.911516
4.48224 -30.397 -0.441517
8.96944 8.56466 0.694816
4.34913 26.1634 -0.023165
5.02136 -1.26476 -0.460708
9.82304 -26.9175 0.030046
31.2945 9.68255 -0.92704
14.4103 9.81528 -0.100812
12.6743 -2.15852 -0.508919
0.681061 2.98017 -0.26724
29.3885 -17.8228 0.06628
5.3509 -21.9891 -0.121763
3.62269 21.3343 0.167715
9.46364 11.4395 0.893996
9.18636 11.085 -0.275732
12.8914 6.79859 0.093657
23.0072 -26.5923 -0.70259
15.2682 17.4547 0.236897
1.06282 22.1664 0.399031
3.13952 -30.5866 0.261888
12.5771 -0.593042 0.329422
36.7041 12.9511 0.714307
4.92027 -12.0362 -0.245695
22.754 27.7785 0.616669
6.97722 10.2748 0.061819
3.09018 -0.494785 -0.67281
15.4052 28.034 0.841665
9.36267 -15.9633 0.398578
20.1687 -10.4596 -0.573395
2.22633 3.63153 0.321854
22.2737 9.99897 -0.781144
0.195679 -12.1492 0.460955
2.10068 -2.08372 -0.629183
3.58386 -7.88974 -0.967224
10.5427 -17.2571 0.718718
5.96819 -16.8778 -0.865434
8.77683 -2.95894 -0.759206
6.98085 -8.9588 0.929381
22.2315 2.46437 0.68996
4.835 -3.9548 0.899894
3.34108 28.865 0.17568
17.3396 14.9379 -0.195482
2.75558 -2.91798 0.946608
18.9652 21.1684 0.940515
8.38877 21.3355 0.012333
11.9468 8.01009 -0.667941
10.545 12.7942 -0.363281
27.1771 -28.8135 -0.637849
25.8098 10.8403 0.598373
13.4503 -16.8962 0.563326
10.8109 35.0502 -0.26957
28.2335 8.3771 -0.842212
25.0316 15.0886 0.402515
6.22651 5.98059 -0.020717
9.18387 -1.28574 -0.636704
0.699098 -5.14531 -0.326303
32.4052 -6.48327 0.605808
9.67134 14.0938 -0.713525
25.2311 -14.3373 -0.28056
17.6492 -12.6062 0.83023
28.8811 19.7182 -0.070627
23.9796 -24.0934 0.301827
5.39342 12.6053 -0.113271
14.4404 21.2367 0.311133
33.4449 17.2795 0.179853
9.57236 -13.0805 0.082874
7.50241 -13.109 0.495239
20.1145 -16.0101 -0.11469
7.49852 12.7212 0.130663
1.0975 12.0631 0.915792
38.5531 6.50069 0.131626
10.0301 5.25117 0.15959
15.2377 2.25877 -0.857056
12.5464 -4.54221 -0.274313
15.7494 -8.83822 -0.237924
8.92854 -34.2813 0.941328
6.39842 -20.2117 -0.682311
3.10417 -37.0473 -0.13647
3.1663 -5.9367 0.986273
19.4333 6.32096 -0.036557
18.3126 -6.51129 0.331434
