2.31859 -36.6114 -0.93069
2.29158 39.7367 0.457845
39.537 1.62716 -0.775626
1.34891 1.69666 0.50645
29.4398 -26.3462 -0.576367
28.3365 26.9888 -0.594533
10.5427 -17.2571 0.718718
8.84098 20.535 0.453564
20.2439 5.07256 0.068498
25.3755 -10.2829 -0.929834
18.0179 -35.3275 0.454336
15.5159 32.9734 0.772779
31.6173 13.4597 0.317386
37.7905 -10.978 0.175272
12.6723 -5.06566 0.892065
0.176144 -10.7736 0.852058
20.4313 17.7383 0.872627
1.13055 -24.3926 0.104179
0.715776 28.1245 -0.282483
9.72877 9.00707 0.696727
0.320744 13.8237 -0.546651
20.6967 -20.3976 0.218674
10.8453 -27.9336 -0.731926
29.5565 -1.2627 0.873219
29.3885 -17.8228 0.06628
17.6492 -12.6062 0.83023
20.7316 -3.46431 -0.568707
10.0625 -38.5895 0.607452
7.32349 33.4098 0.565343
15.5179 24.9762 0.308187
28.2539 6.55265 -0.549382
33.947 20.7669 0.614949
8.98487 1.38816 -0.984484
37.9763 9.42025 -0.930177
18.2737 -27.5711 -0.780445
23.3226 32.3571 -0.151501
5.40969 -5.00939 0.313215
1.49239 20.9092 0.349759
2.98215 -17.2466 0.090729
15.5658 12.6916 -0.884903
27.0895 18.7588 -0.808442
6.79323 -11.7742 -0.609543
35.2204 -4.68546 0.559043
24.9705 12.5884 0.326694
4.48224 -30.397 -0.441517
8.76217 27.0357 0.309347
24.1003 -30.0482 0.625892
21.9421 25.1633 0.780924
6.59517 14.8152 -0.953577
35.6848 -17.8031 0.351914
3.61171 8.08252 -0.29434
15.7155 0.212618 -0.918236
7.18988 -23.0026 -0.634199
31.3416 -10.0164 0.304268
15.0842 -22.1336 0.160111
0.534961 33.9476 -0.953069
34.3581 5.04578 -0.228249
12.8144 -33.5662 -0.835667
14.6678 6.3192 0.293264
14.2961 17.9271 0.713544
12.1821 -10.4114 -0.634995
0.07795 -3.63571 -0.440341
13.1054 37.6476 -0.843442
7.6786 38.6602 -0.76473
24.4787 -15.6604 0.639975
23.6996 0.799091 0.107283
25.6412 -21.7764 0.330611
20.1375 11.0054 0.348777
18.614 28.8111 0.591419
25.3201 -5.21648 -0.986523
7.8746 -33.9333 -0.230448
18.7305 -7.76023 0.594546
22.4775 -25.4629 0.431579
15.1475 -17.4144 -0.780119
4.75877 24.5273 -0.511908
23.7378 7.91501 0.635673
35.2889 15.9871 -0.358303
5.3045 3.77584 0.932584
39.4127 -6.17819 0.150389
28.7564 22.826 0.965434
11.6627 14.1697 0.695628
32.81 -21.1043 -0.427915
0.561178 -31.9055 0.931137
30.6342 -5.75178 -0.610932
33.7683 -13.6607 -0.154353
35.4861 -0.504527 -0.761124
19.5172 -16.3152 -0.886525
15.2365 -30.162 0.885108
28.9917 -13.5251 -0.537586
17.8701 21.4158 0.757594
5.11938 -0.401633 0.212959
24.2271 21.5955 0.60358
4.2613 30.9735 -0.998746
0.108282 6.00784 0.645594
3.50184 -8.6993 -0.532316
33.8321 9.27712 -0.65614
9.0514 -2.3612 0.801199
3.47836 17.0896 0.561373
5.59725 -38.2678 0.966142
8.24006 -7.98903 0.747984
39.3169 5.47951 0.688929
10.4997 5.01235 0.24864
30.1593 2.96935 -0.930674
11.0718 -21.7963 -0.586344
11.0166 31.8292 0.34383
0.180139 -20.5754 0.939433
17.0579 -3.68456 0.898044
6.80257 -16.2258 -0.135339
6.5243 -26.6761 0.678147
3.43937 -12.8998 0.90744
11.8589 23.8026 0.366832
21.5625 -10.0201 -0.795557
23.8401 28.5859 0.204093
13.7926 -26.2887 0.983171
6.31462 10.7145 -0.592946
25.431 4.27853 0.52361
14.9268 -8.12968 0.489028
1.38256 -28.3388 0.195343
17.9479 14.9595 0.998876
9.64084 -13.6449 0.917483
23.3189 15.6989 -0.824166
0.000106 10.4563 0.92065
3.40038 12.506 0.976541
20.5989 -31.14 0.906779
27.7804 -7.82205 0.394654
11.8882 28.4402 -0.979941
19.057 33.886 0.928823
0.311003 -14.7971 0.87405
5.16399 21.0484 0.419092
12.9185 -14.6184 -0.28329
12.6058 10.6264 -0.820869
4.63156 -20.3758 -0.59871
31.7382 23.8263 -0.71364
30.6448 9.22316 0.939398
15.1941 29.6797 -0.558775
14.6843 -36.5405 0.407851
18.9464 1.67298 -0.950275
10.1403 17.1851 -0.359677
13.2043 2.05051 0.760574
29.6264 16.298 -0.834144
36.7041 12.9511 0.714307
25.8356 -1.89578 0.774411
25.9745 -25.8705 -0.688481
8.63589 -30.4365 0.206886
7.98396 -19.5669 0.465341
3.69605 35.1296 -0.356056
17.7473 -24.2028 -0.425881
1.01107 24.7273 -0.533989
14.5048 21.6497 0.149569
1.27545 -6.50687 0.968803
16.8397 3.63834 0.820083
17.1624 8.59794 0.328001
34.615 -10.4711 -0.813359
36.9631 -14.4414 0.483561
32.44 17.1471 0.920755
9.91874 36.2255 -0.921715
6.67161 18.2707 -0.586048
0.028351 37.3996 0.998025
36.4166 -8.09725 0.738423
2.89994 -2.63998 0.923878
12.6743 -2.15852 -0.508919
11.9686 -30.7907 0.532814
4.28652 27.6837 -0.306738
32.596 -2.23283 0.963157
9.19401 12.936 -0.898979
21.741 20.3835 -0.978052
27.1771 -28.8135 -0.637849
21.8915 -7.05188 0.18318
8.77797 23.7542 0.980223
33.2323 2.17969 -0.817196
31.2711 19.8482 -0.698598
3.79828 -33.4282 -0.304293
20.2071 23.3002 -0.97882
20.8801 -0.379679 0.494891
26.328 15.5132 -0.275985
22.8587 -18.2191 0.22563
4.09801 -24.4324 0.826585
20.8466 30.9197 0.906889
7.07657 30.3487 -0.019447
38.4266 -3.34646 0.536771
18.0459 31.4286 -0.810369
2.83789 4.40842 -0.688517
10.0913 -24.4415 0.45975
15.0039 -12.219 -0.495144
28.938 12.3276 0.949758
7.14166 5.71986 -0.359461
3.0365 -39.7513 0.835146
22.4052 -32.9611 -0.555032
27.4995 0.114894 -0.732862
26.7377 -17.0819 -0.986532
32.0257 6.62135 0.994729
17.0696 -32.5817 0.930478
25.9599 9.89692 0.940626
24.9207 -13.155 -0.81901
8.30393 -4.6812 -0.776071
11.7501 20.7717 0.36072
17.7872 -10.3439 -0.97054
17.5776 18.0718 0.608552
36.7198 6.67436 -0.474178
4.99961 37.404 0.822901
11.047 -35.8184 -0.5855
12.6052 35.3102 0.75178
26.2486 25.6862 0.852823
26.9092 29.192 0.508025
11.9005 -7.4011 -0.510647
15.537 15.521 -0.970719
10.6421 -33.4908 0.944038
20.9737 28.6332 -0.922478
17.6318 26.6757 -0.935677
0.898143 8.26475 -0.97255
33.2709 -16.4204 0.66205
0.58485 18.4168 -0.538781
20.5136 -23.1739 -0.003875
26.8047 -11.8132 0.872473
17.4568 -21.3309 -0.993783
39.1589 -1.0906 -0.995202
2.40282 -0.5346 -0.776155
24.938 -7.71488 0.099015
28.3575 -22.1901 0.298248
14.8975 -4.33067 -0.642392
0.285662 -34.4958 0.121877
5.91365 -35.5687 0.679912
4.19712 -27.7067 -0.583574
16.806 -15.3001 -0.446891
31.0229 1.14768 0.873528
11.9468 8.01009 -0.667941
22.7944 10.8383 -0.052634
30.666 -15.2214 0.688054
19.885 -26.0369 0.789692
18.6945 -18.6223 0.229559
18.4975 -1.61648 0.010015
1.56481 -12.9739 -0.994719
8.10498 3.62252 0.972503
23.9492 25.5604 -0.900083
27.3888 -3.97302 0.27622
24.2418 18.9964 0.14951
23.0911 -1.78188 0.588384
0.614856 31.4797 -0.078123
13.9696 3.82376 -0.997112
6.59594 -2.52837 -0.028427
22.4173 4.04747 -0.904052
21.8173 -15.1292 -0.900952
20.066 13.3701 -0.686401
7.19556 8.24052 0.196936
0.629094 -8.55815 -0.454902
10.7764 -3.8765 -0.782062
8.19298 -28.1097 -0.795122
25.5966 23.3896 -0.621457
3.55972 1.75201 -0.890564
33.3792 -19.0235 0.95038
12.5813 -37.9521 0.4749
27.7635 3.5389 -0.350745
37.3822 1.64157 0.54703
5.91699 -7.53148 -0.124292
15.1811 10.0828 0.770033
34.648 18.2777 0.449133
16.7168 -7.03159 -0.88202
2.89157 23.0206 0.208052
4.45822 32.9012 0.577512
2.65212 -5.44086 -0.822213
19.4031 -10.8454 0.975889
33.7645 14.5269 0.978091
9.65368 7.1066 -0.980165
8.37087 -36.2676 -0.913415
22.9992 -27.9019 0.040914
3.00917 -22.212 0.96356
20.431 8.57598 -0.005225
12.5405 -19.8215 -0.632696
31.3936 10.7147 -0.850567
15.1581 -32.4519 -0.592108
11.0927 2.62461 -0.967947
2.48457 36.9115 0.796358
13.013 31.0623 -0.837586
28.6861 20.6044 -0.045497
3.73328 19.5949 -0.9108
18.9715 -5.10459 -0.247966
18.1167 12.3352 0.535251
11.1728 -0.352199 0.095114
22.541 -4.48148 0.684879
12.9027 -22.7824 0.993652
1.35442 16.1192 -0.544325
19.5676 16.3214 -0.892816
9.12664 -11.1685 -0.605249
7.05035 13.3868 0.922545
19.8546 -13.4418 0.388597
5.16163 15.0775 0.948105
15.7558 19.7554 -0.599884
12.2827 16.647 0.692591
4.30477 -10.7302 0.437154
33.6331 -8.30532 -0.94814
29.1712 8.76041 -0.871793
30.6455 -20.9004 0.509672
14.8513 27.1694 0.867031
0.642407 -37.7073 0.314269
22.5653 6.44225 -0.776357
9.46364 11.4395 0.893996
13.739 -24.5547 -0.584397
23.3879 -22.2697 0.701576
13.4606 12.7087 0.962605
6.69815 26.0472 0.700999
8.11417 15.6235 0.599293
20.8013 33.7535 -0.589717
10.4375 -9.56176 0.628648
7.96661 -0.316825 0.865083
24.3269 -11.0225 0.994237
2.62894 -30.8079 0.863517
5.89726 -32.622 0.196567
5.72173 -18.4058 -0.13223
36.1248 10.784 0.248158
1.18147 38.0709 -0.861689
7.64578 35.5625 -0.13453
28.8652 24.7719 -0.437661
0.129279 3.81132 0.022053
32.4052 -6.48327 0.605808
33.3184 -3.94824 -0.435001
12.2469 26.2106 -0.774703
26.2374 7.5639 -0.777511
0.970376 -18.274 -0.082021
10.062 24.0537 -0.989086
28.8512 -9.80661 0.566314
3.7782 10.3097 -0.650125
4.45805 -3.18832 -0.627824
15.7944 -10.2744 0.336924
22.2315 2.46437 0.68996
14.8036 -19.6085 -0.398533
4.08547 -14.6733 -0.316077
10.0902 30.1343 -0.806646
36.2694 4.03512 -0.835178
16.8689 -28.6028 0.617763
23.5287 -23.9362 -0.812608
16.5295 -26.0693 -0.50553
14.6818 -1.9424 0.428265
13.4503 -16.8962 0.563326
5.88134 1.96216 -0.218751
37.623 -5.45505 -0.945919
7.90079 -25.9166 -0.961154
19.9654 21.3547 0.04557
18.4222 23.5551 0.679201
32.9766 -11.777 0.678297
22.0226 -30.6751 -0.713063
2.8142 30.7457 0.65067
4.05932 39.614 -0.856145
26.2135 20.7783 -0.781571
16.8209 1.4537 0.570083
11.0061 -12.2583 -0.911579
20.7863 -16.5855 0.875408
2.30378 6.25125 0.359216
8.72854 10.3575 -0.852551
0.893171 -1.87056 0.577848
30.6303 -24.7262 0.241403
6.08062 34.2655 -0.988085
4.4043 -12.4922 -0.978396
10.8088 -14.7868 -0.6915
23.3977 -9.02127 0.843128
26.2565 -13.8867 0.742448
28.7987 1.95003 0.654777
9.07164 -5.65284 0.967738
3.37864 -37.6424 0.613776
34.9496 7.6968 0.248439
1.31404 12.2551 0.64347
4.21064 15.7673 -0.934924
18.2888 -16.3936 0.846221
19.7112 25.2415 -0.272302
26.4677 -24.0546 0.289298
22.5245 17.7623 0.292177
31.7019 3.14886 0.716996
27.1746 13.6997 0.419724
10.4416 19.6204 -0.832398
13.8863 -6.51439 -0.385382
6.94269 23.9129 -0.049441
9.7935 -7.37292 -0.590265
30.9822 -1.30717 -0.677369
25.1168 -3.89637 0.641326
10.1978 34.7114 0.514599
29.3989 -15.6339 -0.941203
5.39342 12.6053 -0.113271
16.6172 -18.7478 0.542475
2.12469 -20.9281 -0.448743
17.1292 14.1567 -0.813599
13.6925 20.0123 -0.910488
38.984 3.45376 0.098158
6.51207 -21.0422 0.689722
1.93818 18.9589 0.970156
4.82861 5.29474 -0.414906
34.7051 2.06511 0.645416
3.31574 -6.89745 0.892216
28.636 -23.8189 -0.961121
18.7417 7.89417 -0.995604
8.67199 18.4778 0.556236
22.0155 26.9747 -0.211366
25.0906 10.2377 -0.902284
32.4509 -15.1384 -0.744586
6.36353 -14.2741 0.380571
2.83547 13.9916 -0.339158
1.25306 35.8226 -0.449517
13.149 14.2543 -0.728543
27.2573 -27.1286 0.540283
26.0844 -6.14907 0.781846
29.0884 18.282 -0.740029
20.3539 18.7034 -0.939898
32.9786 7.42402 -0.876583
16.356 31.1186 0.324398
18.3248 4.52727 -0.399595
9.22914 -1.0533 -0.752832
21.9314 13.9249 -0.085743
1.86429 -14.9528 -0.633377
7.75711 -9.15663 -0.84054
37.0451 -1.80031 -0.817387
13.6108 -26.7339 -0.986861
9.21548 -21.7166 0.225555
7.56637 -37.9649 0.599226
14.4978 9.14695 -0.891244
11.9508 -25.1765 0.141192
6.38832 -28.8805 -0.298076
33.488 17.109 -0.8081
17.0706 10.1616 -0.950737
13.1229 -0.211573 0.60791
26.4546 5.3327 -0.862307
15.2377 2.25877 -0.857056
2.83006 -11.1178 -0.882879
1.91718 -4.57039 0.832283
23.8349 -3.79485 -0.901425
32.806 19.0738 0.36931
24.2072 30.5578 0.11981
3.08357 0.815385 0.997474
1.28751 -31.4499 -0.875194
33.6182 13.1091 -0.420072
9.9389 2.13802 0.596253
31.213 -8.03875 0.100354
16.5815 -34.4264 -0.587595
35.0156 -1.83219 0.640067
12.4999 -28.7873 -0.039952
16.7432 -1.05368 0.74772
10.1051 -19.1478 0.304717
13.3261 32.0131 0.871214
8.26228 3.85335 -0.987328
8.50457 6.24304 0.973337
8.2658 -17.4924 0.258135
20.7051 23.6453 0.973667
28.7487 -12.0209 0.844289
20.0155 3.1747 0.467462
9.7573 -26.3082 -0.531143
25.8685 -30.2468 -0.653667
29.0455 -19.8737 0.126855
9.7586 -33.2167 -0.760132
2.16663 -34.3409 0.566196
20.6437 -4.81898 0.873245
36.105 5.07441 0.786654
10.6553 37.6151 0.190888
0.032462 21.8453 -0.484675
12.3413 6.15103 -0.909565
13.7784 16.9073 -0.817929
5.77979 -9.39238 -0.523052
25.4201 26.7713 -0.864377
14.8138 -14.4668 -0.169228
2.6009 26.815 -0.482748
17.8241 19.557 -0.554436
27.5409 -18.1216 0.397472
11.0722 10.489 0.559212
26.8681 20.1108 0.869434
27.3209 11.2175 0.986708
11.3318 15.8264 -0.921907
18.8292 -27.9714 0.982412
20.9723 1.60997 -0.432835
21.4124 -26.1035 -0.992309
23.3234 -20.0337 0.469761
12.97 19.2535 0.928369
19.3495 -21.7194 0.277936
4.1876 -36.9006 -0.91742
8.6074 -15.1463 0.453377
15.888 -23.8224 0.356684
38.315 7.74641 -0.144131
37.0609 -4.69366 0.939249
29.9961 -6.51026 0.985544
10.8402 -5.69505 -0.3159
3.11572 3.36479 0.84492
2.47805 -10.3069 0.770093
25.2886 -19.992 -0.120053
33.5202 -0.884203 0.035196
14.3389 8.10137 0.743855
25.0502 16.3438 0.797257
10.6946 7.41549 0.649009
0.331151 29.6995 0.6226
20.8326 -29.3915 0.331562
5.0409 -22.1552 0.868682
32.4135 15.2338 -0.074989
16.1161 22.3226 -0.463744
1.61137 -11.9349 0.954806
18.8346 5.97708 0.852116
36.3613 -11.0481 -0.991814
24.3614 6.85975 -0.814619
13.441 3.93743 0.765884
2.23956 -2.48245 -0.787161
3.55843 25.5725 0.480439
18.3396 -31.8458 -0.179118
35.4234 -15.4348 0.410606
6.45572 3.62589 -0.899967
14.3721 11.3148 -0.931955
11.0071 -11.3236 0.652775
15.2516 32.3384 -0.913674
30.0847 23.0686 -0.637002
20.2028 -2.63535 0.96102
31.2206 5.60138 -0.277
12.5659 9.42303 0.53993
32.6245 3.88535 -0.931524
16.1083 4.96886 -0.173039
6.63477 -0.852266 -0.72112
5.53135 7.94688 0.853936
2.00351 -26.6422 0.092055
13.2966 -8.90712 0.377454
3.7696 12.5099 -0.903603
5.62755 16.8825 -0.099727
21.596 -21.7226 -0.61102
21.7931 19.7173 0.696902
12.1265 -3.34826 0.905728
37.2964 9.57274 0.881718
18.5548 0.381913 0.241147
21.6413 15.8272 -0.18801
22.3855 8.63919 -0.302046
17.2648 -30.7972 0.851601
17.0504 26.2809 0.71381
16.5694 -5.35156 0.455852
24.0308 -26.3542 0.361209
0.987165 -16.5134 -0.612418
12.6437 -12.8506 -0.338243
20.2911 6.99396 -0.830361
32.7828 22.5923 0.052911
16.5934 -14.1494 0.905211
13.5603 -32.1449 0.147913
9.85145 -16.3833 -0.67871
24.1034 14.1493 0.273569
30.5876 7.82817 -0.171723
5.83287 34.4543 0.768636
31.6389 -19.4666 0.883419
23.4715 12.4323 -0.627655
3.38359 -35.8645 0.525987
8.02897 -13.0287 -0.353748
7.23002 -5.82762 0.049744
21.3115 10.3367 -0.888575
21.59 11.9966 0.565566
15.2889 -3.60413 0.922123
21.3477 9.8545 0.91514
16.6646 7.27306 -0.722777
2.19154 -23.168 -0.588591
11.0943 -23.5105 -0.985286
15.356 -25.5001 0.814557
8.90358 14.6614 -0.642369
10.1427 27.9431 -0.291135
2.95443 33.0327 -0.32187
22.7231 -16.5215 -0.206666
30.0772 3.8777 0.570451
26.2759 -8.77641 -0.952443
18.5905 11.0168 -0.759077
10.1537 21.468 -0.237043
6.8219 21.4551 0.809848
20.9392 -11.4609 0.406875
5.69671 -23.8314 -0.987204
16.5225 -13.669 -0.978557
11.6471 12.0337 -0.472138
11.812 5.99264 0.821089
12.5509 -5.39219 -0.801047
2.88519 -7.14242 -0.998419
1.75557 3.07801 -0.495147
23.863 -15.1891 -0.901925
21.0368 -18.2828 0.718705
15.9327 16.6644 0.254712
34.2564 -18.0627 -0.572092
21.766 -9.66651 0.875925
19.2724 -9.51836 -0.107687
5.24615 23.699 0.912125
14.4692 -18.2662 0.72373
15.3508 18.1071 -0.83789
0.568088 7.64892 0.80545
5.52195 32.0799 -0.668847
4.5885 -1.95242 0.693095
17.3564 -10.7407 0.846645
9.45989 -9.26317 -0.766402
38.5611 -7.51448 0.781799
7.8357 31.8184 0.896512
24.5868 -28.0733 0.629454
38.3169 -9.42608 0.625062
27.1749 24.7958 -0.596347
16.2831 24.1754 -0.978698
12.294 4.32204 -0.424069
22.68 22.2689 0.781682
11.0787 -32.0942 -0.081189
8.77683 -2.95894 -0.759206
25.9435 22.1586 0.488278
4.98294 9.24873 -0.075649
34.6194 -12.1729 0.717046
2.61186 8.57875 0.973079
8.03139 1.36261 0.706395
16.2583 6.71179 0.814769
7.43932 32.3045 -0.699976
15.9075 -20.7401 0.60701
3.9447 29.5082 0.684899
10.2659 -4.47672 0.98756
30.8626 -4.09531 -0.6749
4.32741 3.12053 -0.281005
16.3688 27.5785 -0.090556
12.6045 36.9812 0.710482
9.57182 32.6609 0.293967
21.8382 -4.64255 -0.978078
18.5123 -11.6944 -0.319487
37.6826 5.34529 -0.194921
12.802 30.3226 0.637479
2.05378 19.6387 -0.565542
19.3502 18.9835 0.356555
35.37 -9.00329 -0.995879
0.067763 -6.72242 -0.149775
22.7757 6.14969 0.843672
30.5517 -14.2622 -0.656176
6.82488 -4.13438 0.299
6.01582 7.09992 -0.480881
5.88742 -10.6462 0.906405
5.27786 -21.8511 -0.968494
6.18041 -30.4847 0.03914
8.6331 -24.5726 -0.299113
22.4478 -1.77568 -0.928727
0.007282 -21.4617 -0.437588
14.0572 -10.8885 -0.700151
1.85473 -8.00134 0.600278
7.49181 0.737254 -0.774629
28.5963 -25.1844 0.220654
30.5968 14.7417 0.393015
12.0135 19.3058 -0.486051
11.6422 -15.208 0.655822
10.8791 -1.80303 0.79778
17.2462 -26.9794 0.653068
6.80287 -35.8039 -0.822311
8.70592 -32.3024 0.098801
13.5291 -3.48716 -0.952471
28.3089 18.8839 0.566815
0.699098 -5.14531 -0.326303
19.2538 -34.8565 -0.505535
33.9524 -20.6717 0.657239
6.60908 37.1235 0.847377
9.99003 -36.4563 0.483075
2.53565 10.8079 0.280589
30.4902 -2.59701 0.918388
19.3491 -15.1575 0.809671
3.9802 -0.057379 -0.89862
29.1834 1.66781 -0.904877
2.73979 -18.836 0.328727
18.7685 31.2262 0.628112
19.4383 -6.82811 -0.526235
15.9101 -6.72772 0.997808
3.25699 -29.0227 -0.622596
4.69696 -7.82404 0.895893
1.41557 33.1979 0.173207
8.92854 -34.2813 0.941328
26.9124 6.20047 0.418579
7.11525 11.8493 0.440659
36.5717 -0.701852 0.413239
21.1446 33.8679 0.979027
6.39842 -20.2117 -0.682311
16.8981 23.1479 0.989411
13.7626 15.7185 0.263804
6.16791 10.5152 0.992728
7.16088 -12.9208 0.99
9.56762 -0.330822 0.783127
19.2261 9.41323 -0.83499
8.50227 -4.16103 0.837969
6.98085 -8.9588 0.929381
36.0555 16.7898 0.792864
32.1274 11.9906 -0.226885
1.04791 9.57949 0.092014
17.6426 22.9151 -0.559772
12.6769 -35.0073 -0.161948
4.05488 -5.92569 -0.136352
1.13098 5.41098 -0.423277
1.50246 23.1457 -0.559852
0.084704 23.7636 0.329205
25.3245 18.4144 -0.860547
32.0212 21.1173 -0.10238
15.8733 11.0405 -0.383459
5.12684 18.1476 -0.938884
3.62269 21.3343 0.167715
0.511522 2.18445 -0.909443
22.3353 25.4422 -0.729312
24.313 23.2135 0.290826
28.8993 15.5707 0.366638
11.5989 -30.2663 -0.909621
11.0377 -28.849 0.532659
5.0058 -28.6599 0.411213
15.4393 -28.0374 0.311764
1.73786 16.9879 0.701119
13.107 -0.602745 -0.907922
34.6498 11.2327 -0.018822
25.7128 -9.70597 0.483046
27.5847 -12.9016 -0.269488
14.2795 0.833091 0.649922
18.5179 2.15353 0.468441
12.1216 -10.2859 0.98142
30.2137 16.5835 0.57658
31.5643 -0.035901 0.025848
20.2636 29.7551 0.062299
18.2257 15.6745 -0.458091
8.7379 8.35767 -0.30211
18.7548 14.1592 -0.45894
0.786911 26.1927 -0.956213
5.4398 5.43974 0.989583
28.5559 22.9078 -0.620039
6.01057 -5.60722 -0.966398
30.2906 -11.1346 0.299317
28.0207 -27.4801 -0.742041
0.774398 -9.36319 0.879834
8.64131 34.1876 0.642368
11.7448 -8.30358 0.71576
5.18611 -15.2395 0.582512
15.0111 30.7686 0.96097
32.447 -10.157 -0.740598
0.818162 -9.98873 -0.952315
30.5207 6.36743 0.985779
26.087 -27.753 -0.210443
9.2353 -14.1644 -0.527378
26.8577 -21.8359 -0.583242
24.2729 11.1924 -0.024796
26.8633 8.88343 -0.356567
7.60313 -10.9442 0.372282
25.554 -0.850008 -0.290507
10.3535 -22.9575 0.641318
11.4483 13.5389 -0.667157
6.40624 -13.513 -0.929801
17.9155 -13.5975 -0.27951
4.81842 -3.74731 0.897057
14.4957 7.54744 -0.652758
0.155518 -33.2408 -0.707338
24.0413 -8.50194 -0.82508
38.0437 -1.07015 0.046798
9.46551 -12.1473 0.870966
6.48795 0.803739 0.532919
28.9384 5.24005 -0.837775
26.9717 23.1728 -0.044971
23.807 26.7377 0.029088
7.32981 2.59707 -0.233766
13.1745 -27.659 0.995459
26.0412 -16.395 0.154537
14.69 26.8619 -0.594811
0.033938 -27.6796 0.201515
1.49264 -35.5256 -0.305963
6.85729 -38.6823 -0.509781
18.8367 -8.30727 -0.875156
35.587 -6.85977 0.599718
23.0072 -26.5923 -0.70259
8.19234 10.334 0.541911
3.75986 5.46358 0.614514
25.6155 19.0847 0.727094
20.7663 -14.7377 0.621273
19.7388 -19.514 0.938712
15.292 -31.6763 0.671509
10.5848 10.3418 -0.838627
3.38792 6.2505 -0.659115
23.575 -7.1209 0.08156
21.6727 5.15409 0.854745
23.0661 -11.0921 0.212496
3.45454 17.6061 -0.830766
11.2381 23.1533 -0.992784
8.38846 -6.22225 -0.784081
19.5889 -24.8321 -0.018317
22.0659 -24.1436 -0.88369
5.60048 27.0443 -0.533502
20.057 32.5308 -0.959883
4.37145 -17.9372 -0.506601
2.32019 12.4959 -0.410207
0.305346 21.5368 0.963996
25.2217 14.8233 -0.965431
5.57716 -15.9336 -0.901381
4.66466 21.5439 -0.873577
35.5234 0.615425 0.191818
13.0463 5.4354 0.248227
11.2952 -16.456 -0.942549
27.0442 27.7955 0.0721
4.11868 -31.9963 -0.284823
28.5851 -16.6106 0.249875
0.141217 35.9816 0.650881
15.3728 6.03797 -0.957338
7.59652 9.44796 -0.685349
24.7507 -11.5911 -0.743323
2.79585 20.2427 0.678211
26.4404 10.4675 -0.394194
10.5816 -20.2507 -0.525516
26.2721 12.3343 -0.282466
5.56477 14.0606 -0.247455
0.611071 -14.206 -0.613447
4.30426 13.9061 0.802215
24.3444 -5.90116 -0.13891
9.2652 4.655 0.934485
25.6548 8.49477 0.690257
30.7483 1.3909 -0.535247
0.902797 15.2028 0.489238
14.6868 33.7806 -0.102796
6.08536 38.3424 0.26926
15.1133 -2.90049 -0.603486
20.135 -7.93141 0.29837
3.0105 -18.2411 -0.960128
3.63065 -1.45885 -0.911132
16.2207 -24.7345 -0.961548
3.75082 -35.2447 -0.724928
2.57078 28.2436 -0.279986
36.2309 -5.82701 -0.868252
1.37722 4.06705 0.697635
17.8498 -29.1094 -0.30953
1.45848 -3.41865 -0.020766
25.4214 -25.26 0.488213
12.8696 -13.6269 0.848478
9.43724 25.8163 -0.03275
0.485456 -11.6185 -0.261596
11.674 -18.6841 -0.663336
3.78396 -29.969 0.777816
7.86577 -29.2335 0.23318
21.6989 1.07715 0.675114
29.6315 -9.933 -0.622859
33.3107 7.73196 0.477296
5.0179 0.904924 0.776192
17.2662 -22.5656 -0.309171
36.8923 -13.092 0.034438
2.80954 -13.8894 -0.588544
16.5599 -5.49368 -0.960044
2.96653 15.7822 -0.248277
29.5588 12.0558 -0.297892
9.57958 22.6432 0.610246
18.0767 -25.2714 0.447037
2.24606 -33.2858 -0.37624
13.8129 -4.23173 0.796806
17.255 0.954496 -0.681582
24.0842 -17.9805 -0.441762
17.936 -9.05823 -0.044725
5.2997 -27.2739 0.184943
8.09263 17.0317 0.523524
26.754 -10.7149 -0.009315
34.635 2.0509 -0.844081
10.144 15.784 -0.167461
20.9461 -2.07378 -0.605327
14.4974 -9.87878 0.704184
4.05628 11.563 0.171054
9.06169 -25.3313 0.798252
6.8648 4.61003 0.447638
37.1104 -3.4676 0.082
39.456 6.45842 -0.299009
38.8445 -4.78635 -0.836737
22.0049 -31.9873 0.362092
8.89636 -20.4296 -0.211904
5.3783 -17.2374 0.549884
2.81988 -27.864 0.02082
20.3165 11.4035 -0.976194
12.3512 -32.1338 0.842969
16.613 -28.4024 -0.737965
22.1792 -29.3334 -0.020108
0.341131 39.054 -0.346788
19.2742 22.5216 -0.256488
11.3922 -5.92309 0.934076
10.4038 3.74727 -0.306841
10.9893 9.04196 0.13229
16.5622 2.63117 -0.980978
1.8552 -39.1843 0.398177
23.2624 -31.1126 0.358322
7.28801 -7.42844 -0.251025
20.1687 -10.4596 -0.573395
19.1805 14.3228 0.842837
23.6797 3.79253 -0.411472
36.7274 -5.95338 0.410624
13.2569 -21.9952 -0.0792
5.87 -25.7693 -0.124712
4.03272 8.69703 0.861529
17.8591 12.7705 -0.741362
16.1572 -21.7613 -0.889657
23.5689 -25.3596 -0.480119
14.4349 -0.906067 -0.437512
22.0595 -19.5022 0.528044
37.9458 12.5261 0.316622
5.66819 -37.6959 -0.277212
22.754 27.7785 0.616669
23.6066 -0.518002 0.685689
18.738 16.9975 -0.040635
10.5227 -10.9293 -0.56347
12.7865 1.11024 -0.139653
22.8237 27.837 -0.898318
0.207546 7.18565 -0.496377
10.2785 -37.5742 -0.280758
10.4281 0.88209 0.376915
34.0772 -15.3593 0.206807
4.71014 6.60396 -0.054548
31.9284 -13.8895 -0.590311
27.3423 -2.62976 0.498411
26.5866 14.7855 0.994273
20.3454 12.4978 0.796943
20.0038 -20.6641 -0.922284
0.173049 11.9069 -0.009535
6.58652 12.0045 -0.924647
7.37648 18.7087 0.896529
6.20463 24.6612 0.91218
16.5559 -16.4795 0.177835
13.8148 -23.474 0.23369
33.1009 10.3907 -0.399843
33.6611 -6.0212 0.385868
20.1301 -27.0929 -0.024
24.3691 20.6004 -0.304704
2.95006 2.05143 0.281571
0.154342 -4.338 0.714714
7.85407 -14.0521 0.729319
6.49277 -19.4318 0.415622
15.2742 -17.1455 0.536398
1.11662 25.3601 0.653449
31.8811 -11.6142 -0.091234
9.62743 6.62194 0.330203
4.69827 19.8047 0.651277
15.1164 -4.93979 0.969254
17.6213 -6.12177 -0.419291
21.1106 17.2716 -0.190529
4.97079 -23.4116 0.396327
29.0645 3.01465 -0.152524
4.64148 -18.9888 0.403572
26.8978 -21.7582 0.793611
12.1606 -26.4983 0.125647
8.76146 -18.4911 -0.480119
18.5638 -2.52169 0.991385
10.4082 -2.69717 -0.274312
25.2311 -14.3373 -0.28056
23.8991 -13.9632 -0.378783
27.9084 -6.87964 -0.539868
14.0952 -29.475 0.875135
26.7718 2.92042 -0.986211
18.3973 -16.972 -0.59813
1.20162 -19.0292 0.986099
8.37117 -22.41 -0.765109
21.6597 -21.0625 0.844076
2.67102 7.46997 -0.999388
3.16382 30.2376 -0.907243
19.4873 -3.47525 -0.119039
36.6421 1.70327 -0.547762
16.495 28.8892 0.026536
5.81667 18.5529 0.381967
3.67274 -38.9327 0.015374
18.4741 3.19345 -0.346116
3.98598 34.1731 0.508678
2.82807 -3.71578 0.163077
32.0416 8.00349 0.709775
7.52195 14.6098 -0.040761
19.8181 -15.0351 -0.951242
25.0316 15.0886 0.402515
5.19663 -13.9137 0.868451
12.8914 6.79859 0.093657
4.30426 1.92111 0.344384
3.95945 23.9574 0.942497
33.4086 2.25531 0.707748
1.50139 -6.17941 -0.27712
17.6162 5.50804 0.925046
21.7374 -26.4327 0.901216
15.7494 -8.83822 -0.237924
38.4124 2.43293 0.685161
12.0166 2.55046 0.969125
15.8748 3.58445 -0.057
4.30446 26.5356 0.948416
12.3195 21.9441 0.305372
27.9453 25.4683 0.211448
21.0567 25.5147 -0.488464
3.66428 -0.203499 0.356554
4.91382 17.593 0.723896
5.63723 -3.70915 -0.460378
11.5404 28.7315 0.23739
5.33582 -34.4508 0.357426
8.38696 19.1456 -0.518793
2.76579 4.64764 0.781663
15.5484 8.00533 -0.050536
1.85708 7.42693 0.673061
10.1424 27.2442 0.799237
15.3356 -6.99435 -0.131209
16.7106 18.0305 -0.351484
24.9487 -2.29838 -0.07777
2.10653 -12.9847 0.386079
17.3608 -2.23169 0.021732
25.925 29.0658 -0.319543
33.0386 -17.6855 0.749697
34.8929 5.66913 0.765411
24.5966 -16.9118 0.925418
25.2142 -22.6541 -0.508694
16.2833 -31.9048 -0.887434
8.13948 36.6089 0.422653
1.61895 38.3398 0.315144
34.3035 10.1111 0.501048
12.8198 -25.729 -0.662197
23.9477 -16.5804 -0.584816
25.307 21.6561 -0.556775
2.85055 -24.2474 0.61147
18.4646 -26.5899 0.646388
16.7309 -12.3235 -0.014302
14.4117 -16.5005 -0.181153
8.82629 28.0966 -0.400677
0.231062 -2.36702 -0.427549
30.136 18.2845 -0.008974
8.29837 -22.3418 0.850441
9.23764 23.0835 -0.987257
5.22348 22.6535 0.188296
16.2942 -4.3794 -0.315707
1.95696 -4.38532 -0.951241
18.1019 9.43505 0.497924
10.6637 -17.905 -0.366316
2.7561 -1.57879 0.000966
13.8205 -12.574 0.047036
7.98954 7.10099 0.195263
17.0666 20.5703 -0.63016
6.6041 -10.278 -0.146349
23.7187 12.969 0.524626
8.70279 24.2324 -0.190026
22.5735 -8.62778 -0.033394
6.41684 8.99667 -0.73987
8.8001 -9.11953 0.677311
9.21453 11.6808 -0.757157
9.7289 14.0158 0.062566
12.5532 27.1508 0.010527
21.3038 18.5487 -0.124005
9.60438 -5.9484 -0.332877
9.47035 -7.7692 0.91275
4.7153 -30.8174 0.794135
6.57881 -21.9514 -0.304503
7.59472 -15.625 -0.909075
7.53934 25.1662 0.383155
6.99958 -28.0141 0.376977
5.5329 -0.09046 -0.932226
14.8821 1.93416 0.625232
18.2074 30.1938 -0.659981
7.95831 11.3702 -0.354992
0.347002 2.80253 0.733169
13.434 -1.42313 0.55638
5.30354 -6.45529 -0.378222
19.3232 20.3679 -0.375488
11.6022 36.3321 0.342864
8.2789 12.0374 0.852691
14.7469 11.1841 0.251836
17.9527 -4.65627 0.316914
3.30627 -26.7564 0.328106
4.0079 -7.58228 -0.301212
1.65598 -11.7355 -0.892015
3.03453 9.71879 0.701628
5.32527 1.1528 -0.980498
9.89575 -12.8078 -0.826032
9.5546 0.122141 -0.522796
16.3894 -0.836668 -0.421526
14.8478 -13.3227 0.30929
15.7536 -11.5142 0.352581
10.4089 12.0953 -0.427473
7.80741 -23.6352 0.233014
7.7116 -21.1246 0.984636
20.3936 -12.1099 -0.492569
22.715 18.5524 -0.638566
1.96586 -28.6842 -0.836769
30.8357 11.6067 -0.205977
11.6131 17.6642 0.523513
14.7485 1.09695 -0.455329
6.45088 -15.0876 -0.726158
0.884763 19.6498 -0.193265
1.95525 0.484416 0.649837
5.66468 11.8949 0.847581
6.08777 -3.33764 0.866977
8.87307 30.1586 -0.679318
11.0549 -25.2553 0.971182
6.36497 3.31194 0.278374
5.7617 -36.8691 0.618576
12.0086 11.3287 0.457989
7.05251 -1.11195 0.711125
29.4685 13.3759 0.622035
35.1869 -3.64971 -0.082218
0.95984 -37.6282 -0.857387
35.9074 -10.5819 0.034807
23.4482 -5.08319 -0.209143
13.3082 11.9 -0.881651
31.3706 10.066 0.176545
19.474 4.85317 0.982105
7.90107 -16.2303 0.382595
1.44562 21.792 -0.482373
2.6756 -9.16076 0.42663
23.9796 -24.0934 0.301827
24.5659 13.7391 -0.766525
3.84263 -16.6422 0.688521
30.0241 24.5499 -0.174536
20.1131 -6.12218 0.184704
33.8829 19.5231 0.062326
31.5819 14.5969 -0.672433
9.12486 -19.0366 0.997867
4.10632 -19.2229 -0.649891
9.93075 -21.3118 -0.655018
8.47482 2.95616 -0.135784
33.2693 -17.3741 -0.54887
18.7922 -21.1166 -0.602027
0.331248 15.6529 -0.969651
6.4074 -6.09247 0.882396
28.5446 -11.0022 0.246994
5.82501 15.4762 -0.318854
17.0301 0.277802 0.525617
14.0865 26.2789 0.645565
2.92164 -5.82951 0.530843
26.414 5.14927 0.687401
5.79503 -1.77226 0.429896
13.555 7.20156 0.993612
24.9203 -11.8677 0.399125
15.9864 11.1097 0.79662
12.8264 -6.86572 0.016283
23.3219 -28.5701 -0.883624
14.6578 3.55957 -0.068863
12.8502 9.19559 -0.585954
35.2104 -5.24145 -0.747204
11.2663 20.6376 -0.709223
4.012 4.12612 0.959896
3.21992 -16.2766 -0.537458
26.2557 14.2704 -0.85463
0.216049 34.7632 -0.166553
5.34677 4.27968 -0.709083
16.9485 31.7828 -0.576729
14.7265 -35.3981 0.685523
6.42516 9.37613 0.876341
8.19633 5.41687 0.199637
11.6595 -33.3737 -0.764784
2.44086 25.7725 -0.989199
29.4239 7.76353 -0.069858
5.88421 5.7528 -0.213564
25.5998 20.1438 -0.019209
4.16254 -11.8848 0.491092
10.0073 2.30969 -0.690196
14.8622 -20.4048 0.989611
13.5151 5.16823 -0.781271
21.506 -8.02563 -0.318532
16.4723 8.75305 -0.590053
17.6412 16.7143 0.19772
28.7581 -2.0641 0.630493
3.96237 -10.7224 -0.667405
14.2793 -7.25184 0.871718
6.51766 -8.56694 -0.198033
17.7984 19.203 0.564292
28.287 1.18189 -0.036712
11.6433 -21.9544 0.400172
11.0135 35.9399 -0.711765
29.9241 -9.42485 0.725898
7.60206 -30.3145 -0.281174
4.97841 -21.1315 0.34992
6.11979 6.96036 0.831034
20.5777 16.6023 0.961163
1.339 4.39475 -0.91518
12.7605 20.8578 0.89673
9.88735 30.9441 -0.02055
23.1105 9.47524 -0.001816
11.1405 4.0763 0.50737
13.3768 -3.12316 0.119513
31.6424 22.0475 -0.644428
11.9655 -6.11803 -0.14489
16.2918 8.28841 0.995296
8.25285 -31.1733 0.987517
25.5948 -20.8343 -0.823679
9.30529 -29.947 -0.574338
1.54927 1.28452 -0.536014
8.1009 -1.04568 -0.904633
18.9652 21.1684 0.940515
6.76615 -25.9911 -0.977801
2.30626 23.9897 0.315612
10.529 -15.0061 0.55239
15.3571 9.76005 -0.47196
18.0387 26.0407 -0.086736
29.0274 -7.03013 0.703802
0.242995 25.5108 -0.05163
24.1123 -23.0492 -0.418327
35.4182 -16.9365 -0.325945
20.3673 6.17851 0.275037
14.7048 -5.74985 -0.224292
24.4544 -9.10094 0.44897
0.043604 5.22265 -0.66878
7.26714 22.4513 0.515003
5.68166 -12.9022 -0.31533
35.5721 -2.35582 -0.191481
4.56336 -24.0812 -0.416102
21.4051 10.9704 0.134282
9.63964 -3.47998 -0.012357
3.00165 0.502177 -0.861558
15.3801 -0.444664 -0.036145
1.68306 -9.89046 -0.238812
18.8707 32.8681 0.487575
12.534 14.788 0.044444
8.70395 2.35436 0.783696
26.8227 -17.0094 0.668931
29.8685 -12.9796 -0.968127
3.1464 3.13085 -0.248259
25.9119 -12.7277 -0.530028
7.66635 -2.92324 -0.871968
34.906 4.25851 0.343515
27.6909 -8.78733 0.948123
1.91159 35.9773 0.589503
33.5008 -9.39576 -0.754848
30.5301 -2.29 -0.152705
1.70274 -1.24531 -0.143312
9.36267 -15.9633 0.398578
26.9083 -16.0021 -0.421239
20.148 -3.82488 0.927171
1.43612 -2.81506 0.911908
0.929151 18.7773 0.54721
10.5177 -3.39906 0.923492
13.1933 17.9121 0.61191
10.8855 -4.59192 0.077542
36.8031 -8.27342 -0.283466
1.01764 13.1085 -0.069983
9.33639 10.491 0.059386
23.1745 28.8685 -0.722283
3.30652 -3.13006 -0.63997
9.41912 -36.0899 -0.624466
19.4871 28.8166 -0.078154
5.55467 11.6243 -0.906233
5.02136 -1.26476 -0.460708
9.35755 -17.5026 0.134679
32.0515 -1.28479 0.861644
4.25525 20.5652 -0.294023
7.3941 -2.73249 0.694523
6.46725 -6.50301 -0.530357
6.76108 35.3014 0.455862
3.37417 -12.1907 -0.761666
19.4498 -17.8322 0.239814
29.7562 -12.3678 0.602024
18.3126 -6.51129 0.331434
17.1934 4.84522 -0.152264
2.3005 -37.6779 -0.695652
0.873979 -5.30808 0.738475
10.0879 -1.68745 -0.97708
1.7425 -31.441 0.913715
20.4227 -16.9629 -0.080773
20.6864 31.2706 -0.112836
2.45842 1.81202 -0.822508
12.1837 7.06646 0.876211
6.61828 -3.29269 -0.80312
1.11704 -15.5275 0.901553
6.92244 15.4607 0.275022
38.3047 -4.37343 0.199986
3.97784 -4.14858 -0.793393
12.4532 31.4306 0.590949
13.6596 35.1997 0.516515
5.82431 -16.1166 0.323157
7.42889 15.509 -0.904678
25.7859 25.7679 -0.674555
27.0361 6.23924 -0.738227
6.56214 17.1927 -0.556085
4.99074 2.53037 0.920944
1.76212 -19.3462 0.114402
21.3443 5.28486 -0.167627
8.0831 30.7426 -0.057977
17.863 3.90334 0.353369
32.4559 -0.978587 -0.131663
1.41266 2.91332 0.874584
19.4171 -8.49841 0.982785
3.79021 -13.7585 0.353906
24.4698 4.52723 -0.390122
30.0089 -14.4319 0.361984
12.1844 8.28224 0.347001
9.63752 -38.4089 -0.509824
10.9056 24.4983 -0.491088
2.23522 -7.98957 -0.875743
24.6385 -20.4969 0.570785
20.3989 -26.2736 -0.665358
15.8013 1.41585 0.238565
4.66942 -37.966 -0.560626
12.8837 -8.69249 -0.588561
29.5477 20.267 -0.585997
17.8002 -31.8012 0.864541
26.3501 4.20022 -0.020646
36.01 -7.2197 -0.316032
17.8677 -0.788008 -0.241977
19.1769 10.5565 0.495551
6.87526 -12.8073 -0.276754
12.4782 3.48812 0.653849
7.85167 -36.96 0.384057
33.1765 21.2966 0.102703
21.167 19.3828 -0.821013
2.36254 16.1504 0.913799
10.0066 -27.2632 -0.933533
2.67172 8.53986 -0.490419
8.21764 -5.44062 0.125262
6.28293 13.3115 -0.473802
15.334 4.8127 -0.881711
2.0454 5.0578 0.120718
18.3788 -9.12776 0.915048
29.897 -18.0592 -0.831769
14.5284 20.1412 -0.275434
17.755 13.6505 -0.12764
31.6553 1.06426 -0.101355
25.262 23.4537 0.689368
9.07827 -22.8971 0.40277
4.99035 2.71667 -0.997528
4.5792 16.5243 -0.29808
2.02918 30.3657 0.056308
10.767 18.0285 -0.431741
13.6314 6.25699 -0.424381
28.0659 -9.23735 0.072904
26.5649 -22.8334 -0.429475
30.6753 -19.4467 0.465793
9.31396 -33.0462 0.522624
2.11385 -1.94764 0.991273
12.6688 -22.862 -0.139649
1.9288 26.8932 0.318551
17.343 -31.6366 -0.426359
16.0905 25.646 -0.257288
3.79078 5.21853 -0.526952
20.3027 21.0375 -0.892652
28.3462 7.53407 -0.200023
2.3045 5.9499 -0.641788
3.61853 -30.6859 -0.952524
2.7781 -7.70446 0.213328
8.48163 -38.1057 0.117813
20.0018 5.33664 -0.911516
13.7367 -17.426 -0.288005
6.45968 0.879904 -0.809303
17.7419 -8.08594 0.53763
3.22831 -19.6341 -0.267507
4.34913 26.1634 -0.023165
17.4103 2.08497 -0.00928
7.0625 -4.24622 -0.707027
31.2945 9.68255 -0.92704
15.2144 -21.1091 -0.073695
11.7647 -2.64541 -0.40494
0.681061 2.98017 -0.26724
8.40593 13.8895 -0.16255
3.09209 21.8408 0.898708
9.31805 12.4641 0.919549
7.39854 -38.9252 0.940075
15.2682 17.4547 0.236897
32.4946 3.09534 -0.280766
23.139 2.82344 0.355965
1.06282 22.1664 0.399031
35.8696 13.5419 0.842661
22.7915 28.791 0.430349
6.97722 10.2748 0.061819
34.5171 4.12322 -0.654466
15.4052 28.034 0.841665
22.3881 -5.28653 0.066242
20.4581 -9.56838 -0.991353
2.22633 3.63153 0.321854
22.2737 9.99897 -0.781144
11.3349 -16.6385 0.911095
30.7593 -6.65181 -0.140216
18.3368 10.0774 -0.262848
5.96819 -16.8778 -0.865434
9.36117 -2.34765 -0.185421
14.5042 -2.12296 -0.863691
6.06309 -8.53098 0.799642
12.2105 -9.70293 0.09887
27.7586 23.7693 -0.300129
8.38877 21.3355 0.012333
22.7342 1.64205 0.356872
3.34108 28.865 0.17568
14.4103 9.81528 -0.100812
39.3112 2.39335 -0.14404
17.3396 14.9379 -0.195482
32.5195 -3.4084 -0.109899
25.8098 10.8403 0.598373
12.8376 -16.1701 0.918986
10.8109 35.0502 -0.26957
28.2335 8.3771 -0.842212
25.2056 15.7966 -0.296608
11.2937 3.95729 -0.734706
25.5094 -15.2513 0.036375
4.92027 -12.0362 -0.245695
24.0808 -23.2135 0.777654
16.4339 -3.1686 0.302255
35.8548 -9.85502 -0.656243
0.054263 9.58758 0.236821
13.0889 -14.7598 0.695638
6.7701 -0.121201 0.264669
33.4449 17.2795 0.179853
4.78927 -7.14961 0.155966
9.57236 -13.0805 0.082874
24.916 -10.2576 -0.039692
20.1145 -16.0101 -0.11469
16.5567 -12.6785 0.906147
7.49852 12.7212 0.130663
38.5531 6.50069 0.131626
1.40222 -11.2834 -0.035657
15.6937 1.37906 -0.994282
12.5464 -4.54221 -0.274313
6.05259 -11.6958 0.057139
15.9825 -7.98024 -0.691674
1.9436 -5.2557 0.107631
